RS_number	rs4897966	rs4807121	rs20567	rs1548709	rs2873409	rs6510698	rs12461372	rs4807437	rs3859564	rs243342	rs2620854	rs10403489	rs461970	rs2860172	rs7257153	rs4804367	rs7260343	rs6512121	rs11085743
rs4897966	1.0	0.001	0.0	0.002	0.003	0.0	0.002	0.004	0.003	0.0	0.0	0.001	0.0	0.008	0.008	0.001	0.005	0.006	0.001
rs4807121	0.001	1.0	0.003	0.001	0.002	0.001	0.0	0.004	0.002	0.003	0.003	0.002	0.01	0.0	0.001	0.004	0.003	0.002	0.004
rs20567	0.0	0.003	1.0	0.0	0.003	0.0	0.0	0.0	0.003	0.0	0.001	0.0	0.009	0.001	0.0	0.001	0.004	0.004	0.003
rs1548709	0.002	0.001	0.0	1.0	0.005	0.0	0.001	0.001	0.003	0.004	0.002	0.001	0.0	0.003	0.002	0.002	0.004	0.0	0.0
rs2873409	0.003	0.002	0.003	0.005	1.0	0.016	0.001	0.0	0.001	0.0	0.001	0.001	0.002	0.0	0.002	0.002	0.0	0.004	0.0
rs6510698	0.0	0.001	0.0	0.0	0.016	1.0	0.001	0.001	0.0	0.0	0.002	0.003	0.007	0.007	0.0	0.0	0.012	0.001	0.0
rs12461372	0.002	0.0	0.0	0.001	0.001	0.001	1.0	0.001	0.0	0.006	0.0	0.002	0.006	0.004	0.001	0.001	0.002	0.0	0.001
rs4807437	0.004	0.004	0.0	0.001	0.0	0.001	0.001	1.0	0.007	0.0	0.0	0.002	0.004	0.0	0.0	0.001	0.0	0.002	0.001
rs3859564	0.003	0.002	0.003	0.003	0.001	0.0	0.0	0.007	1.0	0.002	0.0	0.0	0.001	0.0	0.0	0.006	0.0	0.003	0.0
rs243342	0.0	0.003	0.0	0.004	0.0	0.0	0.006	0.0	0.002	1.0	0.0	0.0	0.002	0.0	0.002	0.0	0.0	0.001	0.003
rs2620854	0.0	0.003	0.001	0.002	0.001	0.002	0.0	0.0	0.0	0.0	1.0	0.001	0.001	0.01	0.0	0.0	0.003	0.007	0.003
rs10403489	0.001	0.002	0.0	0.001	0.001	0.003	0.002	0.002	0.0	0.0	0.001	1.0	0.005	0.012	0.002	0.002	0.0	0.003	0.0
rs461970	0.0	0.01	0.009	0.0	0.002	0.007	0.006	0.004	0.001	0.002	0.001	0.005	1.0	0.002	0.002	0.002	0.003	0.0	0.0
rs2860172	0.008	0.0	0.001	0.003	0.0	0.007	0.004	0.0	0.0	0.0	0.01	0.012	0.002	1.0	0.001	0.002	0.001	0.001	0.0
rs7257153	0.008	0.001	0.0	0.002	0.002	0.0	0.001	0.0	0.0	0.002	0.0	0.002	0.002	0.001	1.0	0.006	0.015	0.001	0.001
rs4804367	0.001	0.004	0.001	0.002	0.002	0.0	0.001	0.001	0.006	0.0	0.0	0.002	0.002	0.002	0.006	1.0	0.002	0.001	0.0
rs7260343	0.005	0.003	0.004	0.004	0.0	0.012	0.002	0.0	0.0	0.0	0.003	0.0	0.003	0.001	0.015	0.002	1.0	0.012	0.001
rs6512121	0.006	0.002	0.004	0.0	0.004	0.001	0.0	0.002	0.003	0.001	0.007	0.003	0.0	0.001	0.001	0.001	0.012	1.0	0.004
rs11085743	0.001	0.004	0.003	0.0	0.0	0.0	0.001	0.001	0.0	0.003	0.003	0.0	0.0	0.0	0.001	0.0	0.001	0.004	1.0
