RS_number	rs9511255	rs6490551	rs7328274	rs9552472	rs1547149	rs912134	rs455692	rs1579373	rs943380	rs4769245	rs2861537	rs7317321	rs2793483	rs7338915
rs9511255	1.0	0.0	0.0	0.007	0.0	0.004	0.003	0.0	0.0	0.0	0.002	0.0	0.003	0.01
rs6490551	0.0	1.0	0.003	0.0	0.002	0.001	0.0	0.001	0.0	0.004	0.004	0.003	0.012	0.001
rs7328274	0.0	0.003	1.0	0.004	0.003	0.005	0.0	0.0	0.003	0.011	0.0	0.0	0.005	0.007
rs9552472	0.007	0.0	0.004	1.0	0.004	0.005	0.002	0.001	0.002	0.0	0.0	0.001	0.001	0.0
rs1547149	0.0	0.002	0.003	0.004	1.0	0.007	0.001	0.001	0.001	0.007	0.001	0.002	0.006	0.0
rs912134	0.004	0.001	0.005	0.005	0.007	1.0	0.001	0.005	0.005	0.001	0.0	0.004	0.0	0.0
rs455692	0.003	0.0	0.0	0.002	0.001	0.001	1.0	0.003	0.001	0.001	0.003	0.008	0.005	0.013
rs1579373	0.0	0.001	0.0	0.001	0.001	0.005	0.003	1.0	0.002	0.005	0.003	0.0	0.008	0.001
rs943380	0.0	0.0	0.003	0.002	0.001	0.005	0.001	0.002	1.0	0.0	0.008	0.0	0.004	0.001
rs4769245	0.0	0.004	0.011	0.0	0.007	0.001	0.001	0.005	0.0	1.0	0.001	0.002	0.006	0.003
rs2861537	0.002	0.004	0.0	0.0	0.001	0.0	0.003	0.003	0.008	0.001	1.0	0.001	0.002	0.011
rs7317321	0.0	0.003	0.0	0.001	0.002	0.004	0.008	0.0	0.0	0.002	0.001	1.0	0.0	0.012
rs2793483	0.003	0.012	0.005	0.001	0.006	0.0	0.005	0.008	0.004	0.006	0.002	0.0	1.0	0.001
rs7338915	0.01	0.001	0.007	0.0	0.0	0.0	0.013	0.001	0.001	0.003	0.011	0.012	0.001	1.0
