RS_number	rs7122936	rs4881743	rs10769945	rs2651836	rs718579	rs234853	rs12421922	rs11028536	rs1372804	rs2278170	rs10768434	rs2472527	rs11037417	rs317773	rs16933888	rs997433	rs1506981
rs7122936	1.0	0.006	0.001	0.0	0.001	0.0	0.005	0.008	0.0	0.005	0.0	0.0	0.007	0.0	0.0	0.001	0.0
rs4881743	0.006	1.0	0.007	0.0	0.004	0.01	0.003	0.001	0.001	0.001	0.0	0.001	0.002	0.0	0.006	0.001	0.004
rs10769945	0.001	0.007	1.0	0.005	0.017	0.008	0.0	0.003	0.0	0.0	0.0	0.002	0.001	0.0	0.006	0.002	0.006
rs2651836	0.0	0.0	0.005	1.0	0.001	0.002	0.005	0.001	0.0	0.0	0.0	0.0	0.0	0.005	0.0	0.0	0.0
rs718579	0.001	0.004	0.017	0.001	1.0	0.001	0.001	0.004	0.002	0.001	0.001	0.0	0.0	0.0	0.0	0.003	0.0
rs234853	0.0	0.01	0.008	0.002	0.001	1.0	0.006	0.001	0.001	0.002	0.01	0.0	0.002	0.0	0.001	0.0	0.002
rs12421922	0.005	0.003	0.0	0.005	0.001	0.006	1.0	0.001	0.001	0.001	0.002	0.004	0.0	0.0	0.001	0.0	0.0
rs11028536	0.008	0.001	0.003	0.001	0.004	0.001	0.001	1.0	0.0	0.0	0.011	0.0	0.0	0.002	0.001	0.002	0.004
rs1372804	0.0	0.001	0.0	0.0	0.002	0.001	0.001	0.0	1.0	0.0	0.008	0.001	0.005	0.0	0.002	0.0	0.0
rs2278170	0.005	0.001	0.0	0.0	0.001	0.002	0.001	0.0	0.0	1.0	0.003	0.002	0.0	0.003	0.002	0.002	0.0
rs10768434	0.0	0.0	0.0	0.0	0.001	0.01	0.002	0.011	0.008	0.003	1.0	0.004	0.0	0.001	0.014	0.002	0.002
rs2472527	0.0	0.001	0.002	0.0	0.0	0.0	0.004	0.0	0.001	0.002	0.004	1.0	0.004	0.002	0.003	0.002	0.0
rs11037417	0.007	0.002	0.001	0.0	0.0	0.002	0.0	0.0	0.005	0.0	0.0	0.004	1.0	0.001	0.003	0.006	0.0
rs317773	0.0	0.0	0.0	0.005	0.0	0.0	0.0	0.002	0.0	0.003	0.001	0.002	0.001	1.0	0.004	0.004	0.005
rs16933888	0.0	0.006	0.006	0.0	0.0	0.001	0.001	0.001	0.002	0.002	0.014	0.003	0.003	0.004	1.0	0.002	0.0
rs997433	0.001	0.001	0.002	0.0	0.003	0.0	0.0	0.002	0.0	0.002	0.002	0.002	0.006	0.004	0.002	1.0	0.004
rs1506981	0.0	0.004	0.006	0.0	0.0	0.002	0.0	0.004	0.0	0.0	0.002	0.0	0.0	0.005	0.0	0.004	1.0
