RS_number	rs4970357	rs260513	rs2236395	rs2993480	rs2483256	rs2493278	rs4323679	rs7524800	rs11808641	rs349393	rs780606	rs874668	rs2898853	rs5026665	rs1081454	rs3789553	rs9434662	rs378930	rs4908611	rs389709
rs4970357	1.0	0.0	0.0	0.001	0.0	0.0	0.001	0.0	0.004	0.002	0.001	0.002	0.002	0.0	0.001	0.001	0.003	0.003	0.001	0.0
rs260513	0.0	1.0	0.0	0.0	0.005	0.006	0.011	0.0	0.001	0.0	0.002	0.003	0.001	0.001	0.005	0.001	0.001	0.002	0.003	0.002
rs2236395	0.0	0.0	1.0	0.0	0.0	0.0	0.004	0.0	0.002	0.001	0.008	0.0	0.0	0.0	0.013	0.0	0.003	0.001	0.002	0.001
rs2993480	0.001	0.0	0.0	1.0	0.005	0.0	0.0	0.0	0.003	0.001	0.0	0.001	0.0	0.0	0.0	0.0	0.003	0.0	0.0	0.002
rs2483256	0.0	0.005	0.0	0.005	1.0	0.0	0.001	0.0	0.004	0.0	0.0	0.0	0.0	0.002	0.009	0.002	0.0	0.0	0.001	0.006
rs2493278	0.0	0.006	0.0	0.0	0.0	1.0	0.001	0.001	0.0	0.0	0.0	0.003	0.001	0.0	0.0	0.001	0.0	0.0	0.009	0.001
rs4323679	0.001	0.011	0.004	0.0	0.001	0.001	1.0	0.009	0.004	0.0	0.001	0.001	0.001	0.0	0.001	0.005	0.001	0.002	0.0	0.003
rs7524800	0.0	0.0	0.0	0.0	0.0	0.001	0.009	1.0	0.0	0.0	0.0	0.001	0.001	0.004	0.002	0.0	0.013	0.001	0.001	0.0
rs11808641	0.004	0.001	0.002	0.003	0.004	0.0	0.004	0.0	1.0	0.002	0.004	0.004	0.0	0.003	0.005	0.0	0.008	0.0	0.002	0.0
rs349393	0.002	0.0	0.001	0.001	0.0	0.0	0.0	0.0	0.002	1.0	0.009	0.0	0.0	0.001	0.011	0.002	0.003	0.0	0.001	0.009
rs780606	0.001	0.002	0.008	0.0	0.0	0.0	0.001	0.0	0.004	0.009	1.0	0.0	0.001	0.0	0.004	0.001	0.011	0.004	0.001	0.011
rs874668	0.002	0.003	0.0	0.001	0.0	0.003	0.001	0.001	0.004	0.0	0.0	1.0	0.001	0.0	0.0	0.001	0.004	0.01	0.0	0.001
rs2898853	0.002	0.001	0.0	0.0	0.0	0.001	0.001	0.001	0.0	0.0	0.001	0.001	1.0	0.001	0.007	0.011	0.001	0.002	0.001	0.0
rs5026665	0.0	0.001	0.0	0.0	0.002	0.0	0.0	0.004	0.003	0.001	0.0	0.0	0.001	1.0	0.003	0.001	0.002	0.0	0.007	0.006
rs1081454	0.001	0.005	0.013	0.0	0.009	0.0	0.001	0.002	0.005	0.011	0.004	0.0	0.007	0.003	1.0	0.004	0.001	0.0	0.002	0.002
rs3789553	0.001	0.001	0.0	0.0	0.002	0.001	0.005	0.0	0.0	0.002	0.001	0.001	0.011	0.001	0.004	1.0	0.001	0.002	0.0	0.003
rs9434662	0.003	0.001	0.003	0.003	0.0	0.0	0.001	0.013	0.008	0.003	0.011	0.004	0.001	0.002	0.001	0.001	1.0	0.004	0.001	0.0
rs378930	0.003	0.002	0.001	0.0	0.0	0.0	0.002	0.001	0.0	0.0	0.004	0.01	0.002	0.0	0.0	0.002	0.004	1.0	0.002	0.008
rs4908611	0.001	0.003	0.002	0.0	0.001	0.009	0.0	0.001	0.002	0.001	0.001	0.0	0.001	0.007	0.002	0.0	0.001	0.002	1.0	0.001
rs389709	0.0	0.002	0.001	0.002	0.006	0.001	0.003	0.0	0.0	0.009	0.011	0.001	0.0	0.006	0.002	0.003	0.0	0.008	0.001	1.0
