RS_number	rs523169	rs722097	rs10849549	rs7311263	rs4765829	rs9805049	rs2283275	rs2238044	rs215992	rs11062386	rs10774085	rs12810695	rs503554	rs758637	rs10849017	rs10774223	rs1468556	rs519536	rs12424642	rs4930768	rs2159953	rs10774398	rs2072373	rs2305340
rs523169	1.0	0.003	0.0	0.001	0.008	0.0	0.0	0.0	0.005	0.0	0.002	0.0	0.004	0.0	0.0	0.002	0.0	0.001	0.0	0.001	0.003	0.0	0.002	0.001
rs722097	0.003	1.0	0.002	0.0	0.001	0.0	0.006	0.0	0.001	0.005	0.0	0.006	0.003	0.005	0.002	0.008	0.004	0.002	0.0	0.004	0.001	0.001	0.001	0.001
rs10849549	0.0	0.002	1.0	0.007	0.0	0.002	0.004	0.004	0.003	0.0	0.006	0.001	0.002	0.001	0.014	0.003	0.0	0.003	0.002	0.002	0.0	0.011	0.001	0.0
rs7311263	0.001	0.0	0.007	1.0	0.001	0.003	0.0	0.0	0.0	0.007	0.0	0.007	0.005	0.002	0.001	0.003	0.0	0.001	0.0	0.0	0.0	0.002	0.004	0.0
rs4765829	0.008	0.001	0.0	0.001	1.0	0.005	0.001	0.004	0.0	0.001	0.002	0.001	0.0	0.017	0.004	0.0	0.002	0.001	0.001	0.012	0.004	0.001	0.002	0.014
rs9805049	0.0	0.0	0.002	0.003	0.005	1.0	0.0	0.002	0.001	0.0	0.001	0.009	0.001	0.002	0.0	0.001	0.011	0.007	0.001	0.002	0.004	0.002	0.002	0.002
rs2283275	0.0	0.006	0.004	0.0	0.001	0.0	1.0	0.0	0.001	0.0	0.001	0.001	0.005	0.0	0.0	0.004	0.001	0.0	0.001	0.003	0.001	0.01	0.0	0.005
rs2238044	0.0	0.0	0.004	0.0	0.004	0.002	0.0	1.0	0.004	0.001	0.0	0.0	0.0	0.0	0.001	0.007	0.002	0.001	0.0	0.0	0.001	0.007	0.002	0.0
rs215992	0.005	0.001	0.003	0.0	0.0	0.001	0.001	0.004	1.0	0.001	0.0	0.002	0.001	0.008	0.006	0.0	0.003	0.0	0.001	0.0	0.002	0.006	0.002	0.0
rs11062386	0.0	0.005	0.0	0.007	0.001	0.0	0.0	0.001	0.001	1.0	0.004	0.003	0.001	0.0	0.002	0.004	0.0	0.001	0.003	0.001	0.0	0.01	0.0	0.001
rs10774085	0.002	0.0	0.006	0.0	0.002	0.001	0.001	0.0	0.0	0.004	1.0	0.011	0.0	0.0	0.002	0.0	0.0	0.001	0.001	0.001	0.0	0.0	0.007	0.003
rs12810695	0.0	0.006	0.001	0.007	0.001	0.009	0.001	0.0	0.002	0.003	0.011	1.0	0.002	0.0	0.003	0.0	0.002	0.004	0.001	0.002	0.009	0.0	0.002	0.001
rs503554	0.004	0.003	0.002	0.005	0.0	0.001	0.005	0.0	0.001	0.001	0.0	0.002	1.0	0.002	0.002	0.0	0.003	0.0	0.008	0.0	0.002	0.003	0.0	0.0
rs758637	0.0	0.005	0.001	0.002	0.017	0.002	0.0	0.0	0.008	0.0	0.0	0.0	0.002	1.0	0.0	0.0	0.007	0.002	0.002	0.001	0.005	0.0	0.0	0.0
rs10849017	0.0	0.002	0.014	0.001	0.004	0.0	0.0	0.001	0.006	0.002	0.002	0.003	0.002	0.0	1.0	0.0	0.003	0.0	0.001	0.0	0.0	0.003	0.002	0.001
rs10774223	0.002	0.008	0.003	0.003	0.0	0.001	0.004	0.007	0.0	0.004	0.0	0.0	0.0	0.0	0.0	1.0	0.007	0.002	0.0	0.003	0.001	0.002	0.0	0.002
rs1468556	0.0	0.004	0.0	0.0	0.002	0.011	0.001	0.002	0.003	0.0	0.0	0.002	0.003	0.007	0.003	0.007	1.0	0.0	0.0	0.0	0.001	0.003	0.003	0.002
rs519536	0.001	0.002	0.003	0.001	0.001	0.007	0.0	0.001	0.0	0.001	0.001	0.004	0.0	0.002	0.0	0.002	0.0	1.0	0.003	0.0	0.0	0.005	0.004	0.002
rs12424642	0.0	0.0	0.002	0.0	0.001	0.001	0.001	0.0	0.001	0.003	0.001	0.001	0.008	0.002	0.001	0.0	0.0	0.003	1.0	0.01	0.004	0.003	0.003	0.004
rs4930768	0.001	0.004	0.002	0.0	0.012	0.002	0.003	0.0	0.0	0.001	0.001	0.002	0.0	0.001	0.0	0.003	0.0	0.0	0.01	1.0	0.0	0.007	0.001	0.002
rs2159953	0.003	0.001	0.0	0.0	0.004	0.004	0.001	0.001	0.002	0.0	0.0	0.009	0.002	0.005	0.0	0.001	0.001	0.0	0.004	0.0	1.0	0.0	0.0	0.0
rs10774398	0.0	0.001	0.011	0.002	0.001	0.002	0.01	0.007	0.006	0.01	0.0	0.0	0.003	0.0	0.003	0.002	0.003	0.005	0.003	0.007	0.0	1.0	0.0	0.002
rs2072373	0.002	0.001	0.001	0.004	0.002	0.002	0.0	0.002	0.002	0.0	0.007	0.002	0.0	0.0	0.002	0.0	0.003	0.004	0.003	0.001	0.0	0.0	1.0	0.007
rs2305340	0.001	0.001	0.0	0.0	0.014	0.002	0.005	0.0	0.0	0.001	0.003	0.001	0.0	0.0	0.001	0.002	0.002	0.002	0.004	0.002	0.0	0.002	0.007	1.0
