RS_number	rs12434613	rs4982401	rs10149170	rs7145515	rs17182867	rs3811313	rs2331662	rs17256106	rs3825581	rs7142207	rs1033844	rs8021991	rs206225	rs854351	rs2208432	rs17212261	rs1956628	rs2207243	rs178222	rs17111632
rs12434613	1.0	0.001	0.0	0.0	0.0	0.0	0.0	0.002	0.002	0.001	0.001	0.004	0.0	0.004	0.0	0.001	0.008	0.005	0.004	0.001
rs4982401	0.001	1.0	0.005	0.003	0.0	0.001	0.011	0.004	0.001	0.003	0.0	0.0	0.009	0.001	0.002	0.001	0.002	0.001	0.0	0.006
rs10149170	0.0	0.005	1.0	0.009	0.004	0.0	0.0	0.001	0.001	0.001	0.0	0.0	0.009	0.001	0.001	0.008	0.001	0.012	0.002	0.0
rs7145515	0.0	0.003	0.009	1.0	0.016	0.0	0.0	0.001	0.003	0.005	0.001	0.002	0.0	0.0	0.0	0.001	0.003	0.0	0.009	0.002
rs17182867	0.0	0.0	0.004	0.016	1.0	0.002	0.001	0.0	0.001	0.011	0.0	0.0	0.009	0.002	0.001	0.0	0.005	0.006	0.0	0.001
rs3811313	0.0	0.001	0.0	0.0	0.002	1.0	0.0	0.0	0.007	0.001	0.003	0.009	0.005	0.003	0.007	0.004	0.001	0.0	0.008	0.005
rs2331662	0.0	0.011	0.0	0.0	0.001	0.0	1.0	0.003	0.002	0.0	0.002	0.001	0.003	0.0	0.006	0.0	0.002	0.002	0.0	0.0
rs17256106	0.002	0.004	0.001	0.001	0.0	0.0	0.003	1.0	0.001	0.001	0.0	0.0	0.005	0.0	0.0	0.001	0.001	0.004	0.001	0.005
rs3825581	0.002	0.001	0.001	0.003	0.001	0.007	0.002	0.001	1.0	0.004	0.002	0.0	0.0	0.001	0.0	0.001	0.001	0.002	0.003	0.0
rs7142207	0.001	0.003	0.001	0.005	0.011	0.001	0.0	0.001	0.004	1.0	0.001	0.004	0.001	0.002	0.002	0.0	0.0	0.001	0.005	0.001
rs1033844	0.001	0.0	0.0	0.001	0.0	0.003	0.002	0.0	0.002	0.001	1.0	0.002	0.0	0.004	0.0	0.005	0.002	0.0	0.0	0.0
rs8021991	0.004	0.0	0.0	0.002	0.0	0.009	0.001	0.0	0.0	0.004	0.002	1.0	0.002	0.0	0.001	0.006	0.002	0.0	0.003	0.0
rs206225	0.0	0.009	0.009	0.0	0.009	0.005	0.003	0.005	0.0	0.001	0.0	0.002	1.0	0.004	0.006	0.002	0.001	0.0	0.003	0.006
rs854351	0.004	0.001	0.001	0.0	0.002	0.003	0.0	0.0	0.001	0.002	0.004	0.0	0.004	1.0	0.0	0.0	0.0	0.0	0.0	0.002
rs2208432	0.0	0.002	0.001	0.0	0.001	0.007	0.006	0.0	0.0	0.002	0.0	0.001	0.006	0.0	1.0	0.0	0.014	0.003	0.002	0.0
rs17212261	0.001	0.001	0.008	0.001	0.0	0.004	0.0	0.001	0.001	0.0	0.005	0.006	0.002	0.0	0.0	1.0	0.003	0.0	0.006	0.002
rs1956628	0.008	0.002	0.001	0.003	0.005	0.001	0.002	0.001	0.001	0.0	0.002	0.002	0.001	0.0	0.014	0.003	1.0	0.022	0.005	0.0
rs2207243	0.005	0.001	0.012	0.0	0.006	0.0	0.002	0.004	0.002	0.001	0.0	0.0	0.0	0.0	0.003	0.0	0.022	1.0	0.002	0.009
rs178222	0.004	0.0	0.002	0.009	0.0	0.008	0.0	0.001	0.003	0.005	0.0	0.003	0.003	0.0	0.002	0.006	0.005	0.002	1.0	0.001
rs17111632	0.001	0.006	0.0	0.002	0.001	0.005	0.0	0.005	0.0	0.001	0.0	0.0	0.006	0.002	0.0	0.002	0.0	0.009	0.001	1.0
