RS_number	rs2017567	rs2235505	rs2729577	rs2745170	rs3094472	rs9928269	rs2191416	rs2238419	rs7186481	rs3747590	rs4786664	rs6500720	rs3848386	rs17139223	rs1811321	rs1013614	rs4786101	rs2192347	rs2131226	rs17669927	rs4627375
rs2017567	1.0	0.009	0.004	0.002	0.007	0.002	0.0	0.005	0.001	0.002	0.0	0.0	0.0	0.0	0.0	0.002	0.0	0.002	0.005	0.002	0.0
rs2235505	0.009	1.0	0.004	0.014	0.001	0.01	0.0	0.001	0.0	0.0	0.001	0.0	0.003	0.005	0.004	0.005	0.001	0.001	0.004	0.001	0.001
rs2729577	0.004	0.004	1.0	0.0	0.0	0.005	0.001	0.001	0.004	0.0	0.002	0.009	0.005	0.001	0.003	0.001	0.005	0.0	0.004	0.003	0.001
rs2745170	0.002	0.014	0.0	1.0	0.0	0.004	0.0	0.008	0.001	0.003	0.003	0.001	0.0	0.005	0.0	0.004	0.001	0.005	0.0	0.001	0.0
rs3094472	0.007	0.001	0.0	0.0	1.0	0.001	0.0	0.001	0.0	0.004	0.007	0.0	0.002	0.001	0.0	0.0	0.003	0.004	0.0	0.0	0.0
rs9928269	0.002	0.01	0.005	0.004	0.001	1.0	0.001	0.0	0.0	0.0	0.005	0.002	0.002	0.0	0.001	0.003	0.012	0.002	0.006	0.0	0.0
rs2191416	0.0	0.0	0.001	0.0	0.0	0.001	1.0	0.016	0.0	0.001	0.002	0.0	0.001	0.0	0.001	0.001	0.0	0.001	0.004	0.0	0.001
rs2238419	0.005	0.001	0.001	0.008	0.001	0.0	0.016	1.0	0.003	0.005	0.008	0.004	0.005	0.0	0.004	0.001	0.004	0.007	0.001	0.004	0.001
rs7186481	0.001	0.0	0.004	0.001	0.0	0.0	0.0	0.003	1.0	0.0	0.005	0.0	0.002	0.005	0.001	0.001	0.001	0.004	0.001	0.0	0.0
rs3747590	0.002	0.0	0.0	0.003	0.004	0.0	0.001	0.005	0.0	1.0	0.001	0.0	0.002	0.008	0.003	0.003	0.001	0.001	0.0	0.003	0.002
rs4786664	0.0	0.001	0.002	0.003	0.007	0.005	0.002	0.008	0.005	0.001	1.0	0.0	0.001	0.0	0.001	0.0	0.0	0.001	0.001	0.0	0.001
rs6500720	0.0	0.0	0.009	0.001	0.0	0.002	0.0	0.004	0.0	0.0	0.0	1.0	0.0	0.005	0.0	0.0	0.002	0.005	0.0	0.003	0.001
rs3848386	0.0	0.003	0.005	0.0	0.002	0.002	0.001	0.005	0.002	0.002	0.001	0.0	1.0	0.0	0.002	0.001	0.004	0.0	0.004	0.008	0.005
rs17139223	0.0	0.005	0.001	0.005	0.001	0.0	0.0	0.0	0.005	0.008	0.0	0.005	0.0	1.0	0.013	0.002	0.0	0.0	0.0	0.001	0.0
rs1811321	0.0	0.004	0.003	0.0	0.0	0.001	0.001	0.004	0.001	0.003	0.001	0.0	0.002	0.013	1.0	0.0	0.001	0.006	0.001	0.002	0.0
rs1013614	0.002	0.005	0.001	0.004	0.0	0.003	0.001	0.001	0.001	0.003	0.0	0.0	0.001	0.002	0.0	1.0	0.003	0.0	0.0	0.004	0.002
rs4786101	0.0	0.001	0.005	0.001	0.003	0.012	0.0	0.004	0.001	0.001	0.0	0.002	0.004	0.0	0.001	0.003	1.0	0.009	0.011	0.0	0.0
rs2192347	0.002	0.001	0.0	0.005	0.004	0.002	0.001	0.007	0.004	0.001	0.001	0.005	0.0	0.0	0.006	0.0	0.009	1.0	0.001	0.0	0.0
rs2131226	0.005	0.004	0.004	0.0	0.0	0.006	0.004	0.001	0.001	0.0	0.001	0.0	0.004	0.0	0.001	0.0	0.011	0.001	1.0	0.0	0.003
rs17669927	0.002	0.001	0.003	0.001	0.0	0.0	0.0	0.004	0.0	0.003	0.0	0.003	0.008	0.001	0.002	0.004	0.0	0.0	0.0	1.0	0.014
rs4627375	0.0	0.001	0.001	0.0	0.0	0.0	0.001	0.001	0.0	0.002	0.001	0.001	0.005	0.0	0.0	0.002	0.0	0.0	0.003	0.014	1.0
