RS_number	rs7170864	rs487586	rs2316583	rs12595571	rs6576636	rs4514648	rs3097531	rs16950979	rs11637374	rs8039737	rs4780224	rs2140175	rs4779527	rs8028396	rs7177176	rs1317242
rs7170864	1.0	0.003	0.001	0.003	0.011	0.0	0.001	0.0	0.008	0.003	0.001	0.001	0.003	0.0	0.001	0.001
rs487586	0.003	1.0	0.001	0.003	0.001	0.001	0.002	0.002	0.001	0.0	0.0	0.0	0.0	0.0	0.001	0.0
rs2316583	0.001	0.001	1.0	0.006	0.016	0.0	0.001	0.0	0.0	0.006	0.001	0.008	0.002	0.0	0.001	0.005
rs12595571	0.003	0.003	0.006	1.0	0.0	0.002	0.001	0.0	0.008	0.008	0.0	0.001	0.001	0.0	0.004	0.002
rs6576636	0.011	0.001	0.016	0.0	1.0	0.002	0.0	0.002	0.008	0.002	0.012	0.003	0.0	0.001	0.012	0.0
rs4514648	0.0	0.001	0.0	0.002	0.002	1.0	0.0	0.0	0.001	0.004	0.0	0.0	0.001	0.001	0.0	0.001
rs3097531	0.001	0.002	0.001	0.001	0.0	0.0	1.0	0.001	0.0	0.001	0.007	0.001	0.0	0.0	0.001	0.002
rs16950979	0.0	0.002	0.0	0.0	0.002	0.0	0.001	1.0	0.001	0.009	0.004	0.0	0.001	0.003	0.001	0.004
rs11637374	0.008	0.001	0.0	0.008	0.008	0.001	0.0	0.001	1.0	0.001	0.0	0.003	0.0	0.006	0.001	0.006
rs8039737	0.003	0.0	0.006	0.008	0.002	0.004	0.001	0.009	0.001	1.0	0.001	0.002	0.003	0.007	0.001	0.002
rs4780224	0.001	0.0	0.001	0.0	0.012	0.0	0.007	0.004	0.0	0.001	1.0	0.0	0.001	0.0	0.006	0.004
rs2140175	0.001	0.0	0.008	0.001	0.003	0.0	0.001	0.0	0.003	0.002	0.0	1.0	0.004	0.0	0.0	0.001
rs4779527	0.003	0.0	0.002	0.001	0.0	0.001	0.0	0.001	0.0	0.003	0.001	0.004	1.0	0.015	0.005	0.007
rs8028396	0.0	0.0	0.0	0.0	0.001	0.001	0.0	0.003	0.006	0.007	0.0	0.0	0.015	1.0	0.004	0.002
rs7177176	0.001	0.001	0.001	0.004	0.012	0.0	0.001	0.001	0.001	0.001	0.006	0.0	0.005	0.004	1.0	0.014
rs1317242	0.001	0.0	0.005	0.002	0.0	0.001	0.002	0.004	0.006	0.002	0.004	0.001	0.007	0.002	0.014	1.0
