RS_number	rs11247577	rs3951818	rs2277669	rs9818	rs1984749	rs756819	rs10491216	rs8065080	rs12150491	rs1050998	rs3764900	rs9902174	rs887525	rs17825449	rs6502926	rs1467138	rs6502958	rs2271314	rs2135845	rs222852	rs8066124	rs3027302	rs3826543	rs11654033	rs4632172	rs12945811	rs7216753	rs880334
rs11247577	1.0	0.0	0.0	0.003	0.0	0.002	0.0	0.002	0.0	0.0	0.0	0.0	0.002	0.002	0.006	0.001	0.0	0.001	0.001	0.0	0.001	0.002	0.018	0.0	0.001	0.0	0.004	0.007
rs3951818	0.0	1.0	0.001	0.007	0.002	0.004	0.0	0.0	0.005	0.002	0.011	0.002	0.0	0.0	0.002	0.001	0.002	0.0	0.01	0.001	0.007	0.009	0.002	0.0	0.004	0.0	0.002	0.0
rs2277669	0.0	0.001	1.0	0.0	0.005	0.0	0.0	0.002	0.004	0.0	0.003	0.002	0.0	0.003	0.004	0.0	0.0	0.0	0.0	0.0	0.0	0.001	0.006	0.0	0.001	0.0	0.003	0.001
rs9818	0.003	0.007	0.0	1.0	0.001	0.003	0.0	0.002	0.001	0.0	0.0	0.0	0.01	0.001	0.0	0.006	0.0	0.0	0.001	0.001	0.003	0.002	0.0	0.001	0.0	0.0	0.001	0.003
rs1984749	0.0	0.002	0.005	0.001	1.0	0.004	0.004	0.0	0.002	0.0	0.001	0.0	0.001	0.004	0.0	0.001	0.0	0.0	0.0	0.002	0.002	0.001	0.003	0.002	0.004	0.002	0.015	0.0
rs756819	0.002	0.004	0.0	0.003	0.004	1.0	0.002	0.0	0.001	0.002	0.0	0.004	0.0	0.006	0.008	0.001	0.0	0.001	0.002	0.003	0.006	0.0	0.006	0.004	0.001	0.002	0.005	0.002
rs10491216	0.0	0.0	0.0	0.0	0.004	0.002	1.0	0.005	0.005	0.0	0.0	0.0	0.002	0.0	0.005	0.015	0.002	0.01	0.0	0.001	0.0	0.001	0.001	0.001	0.0	0.0	0.0	0.003
rs8065080	0.002	0.0	0.002	0.002	0.0	0.0	0.005	1.0	0.0	0.006	0.004	0.0	0.0	0.002	0.0	0.005	0.009	0.006	0.001	0.001	0.002	0.0	0.013	0.005	0.001	0.001	0.007	0.004
rs12150491	0.0	0.005	0.004	0.001	0.002	0.001	0.005	0.0	1.0	0.0	0.002	0.0	0.002	0.002	0.003	0.003	0.0	0.012	0.001	0.005	0.001	0.001	0.003	0.0	0.0	0.001	0.0	0.001
rs1050998	0.0	0.002	0.0	0.0	0.0	0.002	0.0	0.006	0.0	1.0	0.002	0.004	0.0	0.004	0.001	0.015	0.003	0.0	0.003	0.001	0.003	0.001	0.0	0.011	0.0	0.0	0.0	0.0
rs3764900	0.0	0.011	0.003	0.0	0.001	0.0	0.0	0.004	0.002	0.002	1.0	0.001	0.0	0.008	0.001	0.001	0.0	0.004	0.003	0.005	0.003	0.0	0.002	0.0	0.002	0.0	0.003	0.002
rs9902174	0.0	0.002	0.002	0.0	0.0	0.004	0.0	0.0	0.0	0.004	0.001	1.0	0.008	0.0	0.0	0.0	0.0	0.008	0.003	0.002	0.0	0.003	0.0	0.001	0.001	0.009	0.0	0.001
rs887525	0.002	0.0	0.0	0.01	0.001	0.0	0.002	0.0	0.002	0.0	0.0	0.008	1.0	0.005	0.0	0.0	0.002	0.003	0.0	0.001	0.002	0.007	0.001	0.0	0.0	0.001	0.0	0.0
rs17825449	0.002	0.0	0.003	0.001	0.004	0.006	0.0	0.002	0.002	0.004	0.008	0.0	0.005	1.0	0.001	0.0	0.002	0.0	0.0	0.0	0.001	0.001	0.0	0.0	0.004	0.004	0.002	0.001
rs6502926	0.006	0.002	0.004	0.0	0.0	0.008	0.005	0.0	0.003	0.001	0.001	0.0	0.0	0.001	1.0	0.005	0.012	0.001	0.001	0.0	0.007	0.001	0.0	0.004	0.0	0.002	0.003	0.0
rs1467138	0.001	0.001	0.0	0.006	0.001	0.001	0.015	0.005	0.003	0.015	0.001	0.0	0.0	0.0	0.005	1.0	0.001	0.003	0.006	0.004	0.0	0.001	0.006	0.001	0.001	0.0	0.008	0.0
rs6502958	0.0	0.002	0.0	0.0	0.0	0.0	0.002	0.009	0.0	0.003	0.0	0.0	0.002	0.002	0.012	0.001	1.0	0.006	0.001	0.004	0.003	0.0	0.002	0.001	0.011	0.0	0.01	0.001
rs2271314	0.001	0.0	0.0	0.0	0.0	0.001	0.01	0.006	0.012	0.0	0.004	0.008	0.003	0.0	0.001	0.003	0.006	1.0	0.01	0.0	0.004	0.004	0.015	0.0	0.004	0.0	0.002	0.0
rs2135845	0.001	0.01	0.0	0.001	0.0	0.002	0.0	0.001	0.001	0.003	0.003	0.003	0.0	0.0	0.001	0.006	0.001	0.01	1.0	0.01	0.005	0.003	0.002	0.0	0.003	0.0	0.0	0.001
rs222852	0.0	0.001	0.0	0.001	0.002	0.003	0.001	0.001	0.005	0.001	0.005	0.002	0.001	0.0	0.0	0.004	0.004	0.0	0.01	1.0	0.0	0.003	0.001	0.002	0.014	0.0	0.002	0.004
rs8066124	0.001	0.007	0.0	0.003	0.002	0.006	0.0	0.002	0.001	0.003	0.003	0.0	0.002	0.001	0.007	0.0	0.003	0.004	0.005	0.0	1.0	0.0	0.0	0.002	0.0	0.006	0.0	0.0
rs3027302	0.002	0.009	0.001	0.002	0.001	0.0	0.001	0.0	0.001	0.001	0.0	0.003	0.007	0.001	0.001	0.001	0.0	0.004	0.003	0.003	0.0	1.0	0.002	0.006	0.001	0.015	0.005	0.009
rs3826543	0.018	0.002	0.006	0.0	0.003	0.006	0.001	0.013	0.003	0.0	0.002	0.0	0.001	0.0	0.0	0.006	0.002	0.015	0.002	0.001	0.0	0.002	1.0	0.0	0.0	0.0	0.002	0.0
rs11654033	0.0	0.0	0.0	0.001	0.002	0.004	0.001	0.005	0.0	0.011	0.0	0.001	0.0	0.0	0.004	0.001	0.001	0.0	0.0	0.002	0.002	0.006	0.0	1.0	0.001	0.001	0.006	0.009
rs4632172	0.001	0.004	0.001	0.0	0.004	0.001	0.0	0.001	0.0	0.0	0.002	0.001	0.0	0.004	0.0	0.001	0.011	0.004	0.003	0.014	0.0	0.001	0.0	0.001	1.0	0.013	0.0	0.0
rs12945811	0.0	0.0	0.0	0.0	0.002	0.002	0.0	0.001	0.001	0.0	0.0	0.009	0.001	0.004	0.002	0.0	0.0	0.0	0.0	0.0	0.006	0.015	0.0	0.001	0.013	1.0	0.0	0.001
rs7216753	0.004	0.002	0.003	0.001	0.015	0.005	0.0	0.007	0.0	0.0	0.003	0.0	0.0	0.002	0.003	0.008	0.01	0.002	0.0	0.002	0.0	0.005	0.002	0.006	0.0	0.0	1.0	0.001
rs880334	0.007	0.0	0.001	0.003	0.0	0.002	0.003	0.004	0.001	0.0	0.002	0.001	0.0	0.001	0.0	0.0	0.001	0.0	0.001	0.004	0.0	0.009	0.0	0.009	0.0	0.001	0.001	1.0
