RS_number	rs11594819	rs947403	rs2271275	rs2892336	rs10903470	rs11250681	rs12571115	rs3763685	rs7895038	rs2388391	rs17159312	rs10903959	rs1359526	rs1668538	rs12762783	rs1468064	rs7916379	rs9423376	rs7917859	rs4570487
rs11594819	1.0	0.001	0.005	0.005	0.0	0.003	0.0	0.004	0.013	0.005	0.0	0.0	0.001	0.0	0.0	0.002	0.001	0.0	0.007	0.021
rs947403	0.001	1.0	0.014	0.006	0.0	0.007	0.001	0.006	0.001	0.004	0.001	0.002	0.0	0.011	0.001	0.0	0.0	0.0	0.0	0.002
rs2271275	0.005	0.014	1.0	0.0	0.001	0.001	0.0	0.0	0.001	0.019	0.012	0.0	0.002	0.0	0.005	0.003	0.008	0.001	0.001	0.004
rs2892336	0.005	0.006	0.0	1.0	0.001	0.0	0.012	0.001	0.003	0.001	0.0	0.001	0.0	0.002	0.002	0.017	0.001	0.002	0.0	0.0
rs10903470	0.0	0.0	0.001	0.001	1.0	0.012	0.002	0.002	0.007	0.0	0.001	0.001	0.003	0.0	0.0	0.0	0.003	0.0	0.002	0.001
rs11250681	0.003	0.007	0.001	0.0	0.012	1.0	0.003	0.001	0.0	0.008	0.001	0.005	0.001	0.001	0.001	0.003	0.0	0.003	0.004	0.001
rs12571115	0.0	0.001	0.0	0.012	0.002	0.003	1.0	0.005	0.0	0.006	0.0	0.002	0.0	0.001	0.002	0.003	0.0	0.0	0.0	0.0
rs3763685	0.004	0.006	0.0	0.001	0.002	0.001	0.005	1.0	0.0	0.003	0.002	0.002	0.005	0.003	0.01	0.001	0.005	0.0	0.003	0.009
rs7895038	0.013	0.001	0.001	0.003	0.007	0.0	0.0	0.0	1.0	0.003	0.0	0.0	0.0	0.005	0.002	0.003	0.009	0.0	0.002	0.001
rs2388391	0.005	0.004	0.019	0.001	0.0	0.008	0.006	0.003	0.003	1.0	0.002	0.0	0.003	0.0	0.009	0.0	0.0	0.003	0.0	0.002
rs17159312	0.0	0.001	0.012	0.0	0.001	0.001	0.0	0.002	0.0	0.002	1.0	0.0	0.001	0.003	0.003	0.004	0.002	0.005	0.002	0.015
rs10903959	0.0	0.002	0.0	0.001	0.001	0.005	0.002	0.002	0.0	0.0	0.0	1.0	0.0	0.0	0.008	0.005	0.002	0.004	0.0	0.0
rs1359526	0.001	0.0	0.002	0.0	0.003	0.001	0.0	0.005	0.0	0.003	0.001	0.0	1.0	0.001	0.001	0.0	0.003	0.001	0.0	0.001
rs1668538	0.0	0.011	0.0	0.002	0.0	0.001	0.001	0.003	0.005	0.0	0.003	0.0	0.001	1.0	0.001	0.001	0.003	0.0	0.006	0.002
rs12762783	0.0	0.001	0.005	0.002	0.0	0.001	0.002	0.01	0.002	0.009	0.003	0.008	0.001	0.001	1.0	0.0	0.0	0.0	0.001	0.0
rs1468064	0.002	0.0	0.003	0.017	0.0	0.003	0.003	0.001	0.003	0.0	0.004	0.005	0.0	0.001	0.0	1.0	0.005	0.001	0.002	0.001
rs7916379	0.001	0.0	0.008	0.001	0.003	0.0	0.0	0.005	0.009	0.0	0.002	0.002	0.003	0.003	0.0	0.005	1.0	0.0	0.001	0.0
rs9423376	0.0	0.0	0.001	0.002	0.0	0.003	0.0	0.0	0.0	0.003	0.005	0.004	0.001	0.0	0.0	0.001	0.0	1.0	0.001	0.004
rs7917859	0.007	0.0	0.001	0.0	0.002	0.004	0.0	0.003	0.002	0.0	0.002	0.0	0.0	0.006	0.001	0.002	0.001	0.001	1.0	0.0
rs4570487	0.021	0.002	0.004	0.0	0.001	0.001	0.0	0.009	0.001	0.002	0.015	0.0	0.001	0.002	0.0	0.001	0.0	0.004	0.0	1.0
