RS_number	rs8095469	rs690196	rs9635845	rs1009238	rs8089407	rs9955881	rs2282636	rs9947162	rs3786455	rs4798214	rs11877871	rs4321285	rs292292	rs1940994	rs9959692	rs7504372
rs8095469	1.0	0.007	0.001	0.001	0.002	0.003	0.0	0.005	0.0	0.0	0.001	0.0	0.004	0.003	0.002	0.003
rs690196	0.007	1.0	0.001	0.001	0.001	0.001	0.001	0.002	0.001	0.004	0.001	0.002	0.0	0.001	0.001	0.001
rs9635845	0.001	0.001	1.0	0.0	0.0	0.0	0.001	0.021	0.0	0.001	0.001	0.003	0.008	0.002	0.0	0.006
rs1009238	0.001	0.001	0.0	1.0	0.001	0.0	0.003	0.004	0.004	0.002	0.001	0.01	0.0	0.0	0.0	0.002
rs8089407	0.002	0.001	0.0	0.001	1.0	0.002	0.002	0.0	0.001	0.0	0.005	0.001	0.0	0.001	0.0	0.002
rs9955881	0.003	0.001	0.0	0.0	0.002	1.0	0.003	0.001	0.001	0.003	0.0	0.002	0.002	0.001	0.002	0.0
rs2282636	0.0	0.001	0.001	0.003	0.002	0.003	1.0	0.003	0.0	0.0	0.0	0.0	0.003	0.006	0.0	0.001
rs9947162	0.005	0.002	0.021	0.004	0.0	0.001	0.003	1.0	0.0	0.001	0.0	0.002	0.001	0.0	0.004	0.001
rs3786455	0.0	0.001	0.0	0.004	0.001	0.001	0.0	0.0	1.0	0.0	0.0	0.005	0.002	0.001	0.0	0.0
rs4798214	0.0	0.004	0.001	0.002	0.0	0.003	0.0	0.001	0.0	1.0	0.002	0.001	0.002	0.003	0.001	0.003
rs11877871	0.001	0.001	0.001	0.001	0.005	0.0	0.0	0.0	0.0	0.002	1.0	0.002	0.002	0.001	0.002	0.002
rs4321285	0.0	0.002	0.003	0.01	0.001	0.002	0.0	0.002	0.005	0.001	0.002	1.0	0.005	0.0	0.004	0.0
rs292292	0.004	0.0	0.008	0.0	0.0	0.002	0.003	0.001	0.002	0.002	0.002	0.005	1.0	0.0	0.0	0.002
rs1940994	0.003	0.001	0.002	0.0	0.001	0.001	0.006	0.0	0.001	0.003	0.001	0.0	0.0	1.0	0.003	0.009
rs9959692	0.002	0.001	0.0	0.0	0.0	0.002	0.0	0.004	0.0	0.001	0.002	0.004	0.0	0.003	1.0	0.016
rs7504372	0.003	0.001	0.006	0.002	0.002	0.0	0.001	0.001	0.0	0.003	0.002	0.0	0.002	0.009	0.016	1.0
