RS_number	rs6729656	rs4241319	rs4372938	rs11686452	rs732609	rs2241457	rs12471985	rs2551212	rs10174217	rs1729926	rs7583267	rs10197283	rs13425182	rs4371367	rs10172284	rs1377638	rs2882275	rs941009	rs751394
rs6729656	1.0	0.019	0.0	0.011	0.002	0.0	0.002	0.0	0.004	0.0	0.001	0.001	0.0	0.001	0.0	0.012	0.0	0.003	0.001
rs4241319	0.019	1.0	0.002	0.001	0.002	0.0	0.0	0.0	0.002	0.0	0.003	0.003	0.007	0.0	0.0	0.001	0.001	0.002	0.0
rs4372938	0.0	0.002	1.0	0.003	0.003	0.0	0.006	0.001	0.002	0.005	0.0	0.013	0.004	0.002	0.004	0.001	0.007	0.0	0.001
rs11686452	0.011	0.001	0.003	1.0	0.001	0.003	0.003	0.001	0.0	0.001	0.0	0.001	0.006	0.002	0.003	0.0	0.0	0.001	0.0
rs732609	0.002	0.002	0.003	0.001	1.0	0.002	0.0	0.0	0.0	0.009	0.0	0.004	0.001	0.001	0.001	0.001	0.0	0.003	0.0
rs2241457	0.0	0.0	0.0	0.003	0.002	1.0	0.0	0.0	0.003	0.0	0.0	0.007	0.002	0.0	0.008	0.0	0.001	0.01	0.0
rs12471985	0.002	0.0	0.006	0.003	0.0	0.0	1.0	0.007	0.002	0.004	0.001	0.0	0.0	0.002	0.0	0.009	0.003	0.002	0.007
rs2551212	0.0	0.0	0.001	0.001	0.0	0.0	0.007	1.0	0.001	0.001	0.004	0.0	0.002	0.0	0.001	0.004	0.001	0.002	0.004
rs10174217	0.004	0.002	0.002	0.0	0.0	0.003	0.002	0.001	1.0	0.004	0.0	0.012	0.008	0.001	0.002	0.0	0.002	0.003	0.001
rs1729926	0.0	0.0	0.005	0.001	0.009	0.0	0.004	0.001	0.004	1.0	0.002	0.007	0.004	0.002	0.001	0.0	0.0	0.006	0.0
rs7583267	0.001	0.003	0.0	0.0	0.0	0.0	0.001	0.004	0.0	0.002	1.0	0.003	0.003	0.0	0.001	0.0	0.004	0.001	0.0
rs10197283	0.001	0.003	0.013	0.001	0.004	0.007	0.0	0.0	0.012	0.007	0.003	1.0	0.001	0.003	0.004	0.0	0.006	0.0	0.0
rs13425182	0.0	0.007	0.004	0.006	0.001	0.002	0.0	0.002	0.008	0.004	0.003	0.001	1.0	0.003	0.0	0.001	0.0	0.007	0.008
rs4371367	0.001	0.0	0.002	0.002	0.001	0.0	0.002	0.0	0.001	0.002	0.0	0.003	0.003	1.0	0.001	0.0	0.001	0.001	0.003
rs10172284	0.0	0.0	0.004	0.003	0.001	0.008	0.0	0.001	0.002	0.001	0.001	0.004	0.0	0.001	1.0	0.005	0.001	0.0	0.0
rs1377638	0.012	0.001	0.001	0.0	0.001	0.0	0.009	0.004	0.0	0.0	0.0	0.0	0.001	0.0	0.005	1.0	0.0	0.006	0.001
rs2882275	0.0	0.001	0.007	0.0	0.0	0.001	0.003	0.001	0.002	0.0	0.004	0.006	0.0	0.001	0.001	0.0	1.0	0.001	0.0
rs941009	0.003	0.002	0.0	0.001	0.003	0.01	0.002	0.002	0.003	0.006	0.001	0.0	0.007	0.001	0.0	0.006	0.001	1.0	0.004
rs751394	0.001	0.0	0.001	0.0	0.0	0.0	0.007	0.004	0.001	0.0	0.0	0.0	0.008	0.003	0.0	0.001	0.0	0.004	1.0
