RS_number	rs175139	rs5994128	rs5992916	rs1557847	rs6518580	rs12167717	rs5759455	rs7289487	rs8141816	rs131654	rs4821718	rs8137866	rs4822154	rs5751614	rs2330555	rs9612921	rs507715
rs175139	1.0	0.0	0.004	0.002	0.0	0.0	0.001	0.007	0.001	0.0	0.0	0.003	0.0	0.002	0.002	0.0	0.001
rs5994128	0.0	1.0	0.0	0.002	0.0	0.001	0.005	0.005	0.005	0.001	0.004	0.0	0.0	0.003	0.001	0.013	0.01
rs5992916	0.004	0.0	1.0	0.002	0.001	0.0	0.01	0.0	0.0	0.0	0.001	0.002	0.0	0.001	0.001	0.0	0.001
rs1557847	0.002	0.002	0.002	1.0	0.005	0.001	0.001	0.002	0.0	0.0	0.001	0.0	0.0	0.013	0.001	0.002	0.01
rs6518580	0.0	0.0	0.001	0.005	1.0	0.009	0.001	0.001	0.0	0.001	0.003	0.002	0.005	0.0	0.004	0.0	0.0
rs12167717	0.0	0.001	0.0	0.001	0.009	1.0	0.0	0.0	0.001	0.0	0.0	0.0	0.0	0.005	0.003	0.008	0.0
rs5759455	0.001	0.005	0.01	0.001	0.001	0.0	1.0	0.003	0.002	0.002	0.001	0.005	0.004	0.001	0.003	0.012	0.0
rs7289487	0.007	0.005	0.0	0.002	0.001	0.0	0.003	1.0	0.0	0.007	0.0	0.0	0.012	0.002	0.007	0.002	0.001
rs8141816	0.001	0.005	0.0	0.0	0.0	0.001	0.002	0.0	1.0	0.004	0.0	0.004	0.0	0.001	0.003	0.001	0.003
rs131654	0.0	0.001	0.0	0.0	0.001	0.0	0.002	0.007	0.004	1.0	0.001	0.009	0.002	0.003	0.007	0.0	0.0
rs4821718	0.0	0.004	0.001	0.001	0.003	0.0	0.001	0.0	0.0	0.001	1.0	0.0	0.005	0.0	0.0	0.0	0.0
rs8137866	0.003	0.0	0.002	0.0	0.002	0.0	0.005	0.0	0.004	0.009	0.0	1.0	0.001	0.001	0.0	0.004	0.002
rs4822154	0.0	0.0	0.0	0.0	0.005	0.0	0.004	0.012	0.0	0.002	0.005	0.001	1.0	0.004	0.005	0.0	0.0
rs5751614	0.002	0.003	0.001	0.013	0.0	0.005	0.001	0.002	0.001	0.003	0.0	0.001	0.004	1.0	0.001	0.001	0.008
rs2330555	0.002	0.001	0.001	0.001	0.004	0.003	0.003	0.007	0.003	0.007	0.0	0.0	0.005	0.001	1.0	0.001	0.01
rs9612921	0.0	0.013	0.0	0.002	0.0	0.008	0.012	0.002	0.001	0.0	0.0	0.004	0.0	0.001	0.001	1.0	0.009
rs507715	0.001	0.01	0.001	0.01	0.0	0.0	0.0	0.001	0.003	0.0	0.0	0.002	0.0	0.008	0.01	0.009	1.0
