RS_number	rs2775537	rs2823035	rs2823252	rs2823795	rs2824110	rs2824242	rs4536738	rs2150385	rs2824720	rs2825092	rs2825581	rs2825731	rs12482714	rs1557330	rs2032196	rs1032002
rs2775537	1.0	0.0	0.0	0.002	0.005	0.002	0.005	0.001	0.0	0.001	0.004	0.001	0.0	0.002	0.0	0.004
rs2823035	0.0	1.0	0.0	0.001	0.005	0.008	0.001	0.006	0.002	0.007	0.003	0.0	0.001	0.005	0.001	0.01
rs2823252	0.0	0.0	1.0	0.002	0.0	0.0	0.0	0.005	0.011	0.0	0.0	0.0	0.007	0.0	0.0	0.001
rs2823795	0.002	0.001	0.002	1.0	0.004	0.008	0.005	0.007	0.001	0.003	0.001	0.0	0.002	0.0	0.0	0.013
rs2824110	0.005	0.005	0.0	0.004	1.0	0.005	0.001	0.0	0.005	0.001	0.0	0.0	0.0	0.0	0.003	0.01
rs2824242	0.002	0.008	0.0	0.008	0.005	1.0	0.011	0.0	0.0	0.002	0.0	0.001	0.003	0.004	0.0	0.003
rs4536738	0.005	0.001	0.0	0.005	0.001	0.011	1.0	0.003	0.001	0.0	0.0	0.01	0.004	0.003	0.0	0.002
rs2150385	0.001	0.006	0.005	0.007	0.0	0.0	0.003	1.0	0.003	0.004	0.0	0.0	0.008	0.0	0.002	0.001
rs2824720	0.0	0.002	0.011	0.001	0.005	0.0	0.001	0.003	1.0	0.001	0.001	0.0	0.004	0.003	0.001	0.0
rs2825092	0.001	0.007	0.0	0.003	0.001	0.002	0.0	0.004	0.001	1.0	0.0	0.001	0.0	0.004	0.0	0.001
rs2825581	0.004	0.003	0.0	0.001	0.0	0.0	0.0	0.0	0.001	0.0	1.0	0.001	0.0	0.001	0.002	0.0
rs2825731	0.001	0.0	0.0	0.0	0.0	0.001	0.01	0.0	0.0	0.001	0.001	1.0	0.002	0.0	0.005	0.002
rs12482714	0.0	0.001	0.007	0.002	0.0	0.003	0.004	0.008	0.004	0.0	0.0	0.002	1.0	0.013	0.0	0.0
rs1557330	0.002	0.005	0.0	0.0	0.0	0.004	0.003	0.0	0.003	0.004	0.001	0.0	0.013	1.0	0.001	0.001
rs2032196	0.0	0.001	0.0	0.0	0.003	0.0	0.0	0.002	0.001	0.0	0.002	0.005	0.0	0.001	1.0	0.0
rs1032002	0.004	0.01	0.001	0.013	0.01	0.003	0.002	0.001	0.0	0.001	0.0	0.002	0.0	0.001	0.0	1.0
