RS_number	rs6135141	rs723477	rs6085597	rs6134424	rs615007	rs214833	rs6037397	rs6139011	rs6084327	rs4815621	rs9636534	rs2756271	rs2102486	rs805743	rs6085352	rs1342347	rs6054479	rs6085681
rs6135141	1.0	0.002	0.0	0.0	0.005	0.002	0.005	0.006	0.0	0.0	0.001	0.003	0.001	0.0	0.0	0.008	0.006	0.001
rs723477	0.002	1.0	0.0	0.0	0.001	0.001	0.011	0.003	0.003	0.0	0.0	0.004	0.001	0.0	0.003	0.002	0.0	0.0
rs6085597	0.0	0.0	1.0	0.0	0.0	0.002	0.001	0.0	0.001	0.016	0.0	0.005	0.003	0.002	0.001	0.003	0.002	0.002
rs6134424	0.0	0.0	0.0	1.0	0.0	0.0	0.002	0.003	0.007	0.0	0.002	0.001	0.0	0.003	0.002	0.001	0.0	0.005
rs615007	0.005	0.001	0.0	0.0	1.0	0.001	0.002	0.002	0.0	0.0	0.013	0.004	0.008	0.0	0.0	0.0	0.007	0.005
rs214833	0.002	0.001	0.002	0.0	0.001	1.0	0.002	0.005	0.012	0.0	0.002	0.0	0.0	0.003	0.006	0.001	0.002	0.0
rs6037397	0.005	0.011	0.001	0.002	0.002	0.002	1.0	0.004	0.001	0.0	0.0	0.002	0.002	0.004	0.0	0.001	0.001	0.004
rs6139011	0.006	0.003	0.0	0.003	0.002	0.005	0.004	1.0	0.001	0.0	0.001	0.0	0.001	0.001	0.011	0.002	0.0	0.0
rs6084327	0.0	0.003	0.001	0.007	0.0	0.012	0.001	0.001	1.0	0.001	0.015	0.001	0.0	0.002	0.005	0.001	0.003	0.0
rs4815621	0.0	0.0	0.016	0.0	0.0	0.0	0.0	0.0	0.001	1.0	0.0	0.001	0.0	0.0	0.002	0.001	0.002	0.0
rs9636534	0.001	0.0	0.0	0.002	0.013	0.002	0.0	0.001	0.015	0.0	1.0	0.001	0.01	0.001	0.0	0.0	0.001	0.002
rs2756271	0.003	0.004	0.005	0.001	0.004	0.0	0.002	0.0	0.001	0.001	0.001	1.0	0.0	0.011	0.0	0.004	0.004	0.002
rs2102486	0.001	0.001	0.003	0.0	0.008	0.0	0.002	0.001	0.0	0.0	0.01	0.0	1.0	0.014	0.0	0.002	0.0	0.009
rs805743	0.0	0.0	0.002	0.003	0.0	0.003	0.004	0.001	0.002	0.0	0.001	0.011	0.014	1.0	0.003	0.01	0.001	0.0
rs6085352	0.0	0.003	0.001	0.002	0.0	0.006	0.0	0.011	0.005	0.002	0.0	0.0	0.0	0.003	1.0	0.0	0.0	0.001
rs1342347	0.008	0.002	0.003	0.001	0.0	0.001	0.001	0.002	0.001	0.001	0.0	0.004	0.002	0.01	0.0	1.0	0.0	0.001
rs6054479	0.006	0.0	0.002	0.0	0.007	0.002	0.001	0.0	0.003	0.002	0.001	0.004	0.0	0.001	0.0	0.0	1.0	0.004
rs6085681	0.001	0.0	0.002	0.005	0.005	0.0	0.004	0.0	0.0	0.0	0.002	0.002	0.009	0.0	0.001	0.001	0.004	1.0
