RS_number	rs332478	rs718559	rs6779648	rs17043656	rs11129006	rs1948796	rs2616595	rs1391933	rs340813	rs1386948	rs9862229	rs2584043	rs12630241	rs2600116	rs6799552
rs332478	1.0	0.003	0.001	0.006	0.001	0.0	0.0	0.002	0.002	0.007	0.005	0.0	0.002	0.002	0.001
rs718559	0.003	1.0	0.0	0.001	0.006	0.001	0.0	0.001	0.0	0.008	0.001	0.002	0.001	0.016	0.003
rs6779648	0.001	0.0	1.0	0.0	0.0	0.007	0.001	0.0	0.001	0.01	0.003	0.003	0.014	0.0	0.012
rs17043656	0.006	0.001	0.0	1.0	0.0	0.003	0.001	0.001	0.001	0.0	0.0	0.001	0.0	0.0	0.001
rs11129006	0.001	0.006	0.0	0.0	1.0	0.0	0.002	0.001	0.003	0.0	0.001	0.003	0.011	0.001	0.006
rs1948796	0.0	0.001	0.007	0.003	0.0	1.0	0.008	0.0	0.0	0.0	0.002	0.005	0.001	0.0	0.0
rs2616595	0.0	0.0	0.001	0.001	0.002	0.008	1.0	0.001	0.005	0.0	0.002	0.0	0.001	0.001	0.001
rs1391933	0.002	0.001	0.0	0.001	0.001	0.0	0.001	1.0	0.001	0.003	0.003	0.007	0.003	0.0	0.001
rs340813	0.002	0.0	0.001	0.001	0.003	0.0	0.005	0.001	1.0	0.0	0.001	0.004	0.002	0.0	0.0
rs1386948	0.007	0.008	0.01	0.0	0.0	0.0	0.0	0.003	0.0	1.0	0.005	0.003	0.0	0.0	0.002
rs9862229	0.005	0.001	0.003	0.0	0.001	0.002	0.002	0.003	0.001	0.005	1.0	0.0	0.001	0.0	0.0
rs2584043	0.0	0.002	0.003	0.001	0.003	0.005	0.0	0.007	0.004	0.003	0.0	1.0	0.004	0.0	0.0
rs12630241	0.002	0.001	0.014	0.0	0.011	0.001	0.001	0.003	0.002	0.0	0.001	0.004	1.0	0.0	0.005
rs2600116	0.002	0.016	0.0	0.0	0.001	0.0	0.001	0.0	0.0	0.0	0.0	0.0	0.0	1.0	0.007
rs6799552	0.001	0.003	0.012	0.001	0.006	0.0	0.001	0.001	0.0	0.002	0.0	0.0	0.005	0.007	1.0
