RS_number	rs6828710	rs642626	rs10805007	rs2980098	rs4689915	rs3821949	rs16836929	rs2269920	rs4689005	rs2301795	rs4626203	rs3892041	rs7694661	rs4689798	rs12233824	rs10002315	rs4696803	rs940136	rs6811287
rs6828710	1.0	0.004	0.0	0.002	0.0	0.002	0.001	0.0	0.0	0.001	0.0	0.0	0.0	0.0	0.002	0.008	0.003	0.001	0.003
rs642626	0.004	1.0	0.004	0.001	0.0	0.011	0.0	0.0	0.0	0.0	0.0	0.002	0.001	0.003	0.002	0.004	0.003	0.002	0.0
rs10805007	0.0	0.004	1.0	0.0	0.004	0.0	0.004	0.001	0.002	0.007	0.0	0.001	0.006	0.005	0.005	0.002	0.009	0.005	0.0
rs2980098	0.002	0.001	0.0	1.0	0.002	0.004	0.001	0.006	0.01	0.004	0.002	0.004	0.003	0.004	0.004	0.0	0.0	0.001	0.001
rs4689915	0.0	0.0	0.004	0.002	1.0	0.0	0.0	0.006	0.008	0.006	0.0	0.0	0.006	0.0	0.003	0.001	0.002	0.002	0.0
rs3821949	0.002	0.011	0.0	0.004	0.0	1.0	0.001	0.002	0.0	0.0	0.001	0.0	0.001	0.001	0.002	0.004	0.001	0.0	0.0
rs16836929	0.001	0.0	0.004	0.001	0.0	0.001	1.0	0.0	0.015	0.003	0.001	0.0	0.0	0.005	0.001	0.0	0.004	0.0	0.003
rs2269920	0.0	0.0	0.001	0.006	0.006	0.002	0.0	1.0	0.001	0.0	0.0	0.002	0.001	0.001	0.001	0.003	0.01	0.001	0.001
rs4689005	0.0	0.0	0.002	0.01	0.008	0.0	0.015	0.001	1.0	0.0	0.0	0.0	0.0	0.002	0.007	0.005	0.0	0.003	0.0
rs2301795	0.001	0.0	0.007	0.004	0.006	0.0	0.003	0.0	0.0	1.0	0.0	0.0	0.001	0.0	0.002	0.0	0.0	0.006	0.0
rs4626203	0.0	0.0	0.0	0.002	0.0	0.001	0.001	0.0	0.0	0.0	1.0	0.008	0.0	0.003	0.0	0.002	0.0	0.0	0.0
rs3892041	0.0	0.002	0.001	0.004	0.0	0.0	0.0	0.002	0.0	0.0	0.008	1.0	0.0	0.0	0.0	0.0	0.002	0.012	0.003
rs7694661	0.0	0.001	0.006	0.003	0.006	0.001	0.0	0.001	0.0	0.001	0.0	0.0	1.0	0.0	0.0	0.015	0.01	0.0	0.003
rs4689798	0.0	0.003	0.005	0.004	0.0	0.001	0.005	0.001	0.002	0.0	0.003	0.0	0.0	1.0	0.016	0.002	0.0	0.0	0.0
rs12233824	0.002	0.002	0.005	0.004	0.003	0.002	0.001	0.001	0.007	0.002	0.0	0.0	0.0	0.016	1.0	0.004	0.003	0.0	0.0
rs10002315	0.008	0.004	0.002	0.0	0.001	0.004	0.0	0.003	0.005	0.0	0.002	0.0	0.015	0.002	0.004	1.0	0.004	0.001	0.001
rs4696803	0.003	0.003	0.009	0.0	0.002	0.001	0.004	0.01	0.0	0.0	0.0	0.002	0.01	0.0	0.003	0.004	1.0	0.0	0.003
rs940136	0.001	0.002	0.005	0.001	0.002	0.0	0.0	0.001	0.003	0.006	0.0	0.012	0.0	0.0	0.0	0.001	0.0	1.0	0.001
rs6811287	0.003	0.0	0.0	0.001	0.0	0.0	0.003	0.001	0.0	0.0	0.0	0.003	0.003	0.0	0.0	0.001	0.003	0.001	1.0
