RS_number	rs2672737	rs11746538	rs6554595	rs12653484	rs11133883	rs10076206	rs10866539	rs1106115	rs7712012	rs11745728	rs13176914	rs4866463	rs11750441	rs261137	rs1376240	rs4702249
rs2672737	1.0	0.003	0.0	0.0	0.0	0.001	0.001	0.0	0.0	0.0	0.009	0.0	0.001	0.0	0.002	0.0
rs11746538	0.003	1.0	0.003	0.001	0.0	0.003	0.002	0.002	0.0	0.0	0.005	0.002	0.0	0.0	0.001	0.0
rs6554595	0.0	0.003	1.0	0.001	0.001	0.004	0.0	0.0	0.008	0.0	0.001	0.01	0.004	0.001	0.002	0.004
rs12653484	0.0	0.001	0.001	1.0	0.001	0.0	0.002	0.008	0.006	0.002	0.002	0.002	0.0	0.001	0.001	0.0
rs11133883	0.0	0.0	0.001	0.001	1.0	0.001	0.001	0.001	0.008	0.0	0.002	0.005	0.0	0.004	0.0	0.003
rs10076206	0.001	0.003	0.004	0.0	0.001	1.0	0.0	0.002	0.001	0.0	0.0	0.0	0.002	0.001	0.006	0.0
rs10866539	0.001	0.002	0.0	0.002	0.001	0.0	1.0	0.0	0.001	0.0	0.006	0.001	0.002	0.0	0.0	0.0
rs1106115	0.0	0.002	0.0	0.008	0.001	0.002	0.0	1.0	0.001	0.0	0.006	0.002	0.003	0.005	0.0	0.0
rs7712012	0.0	0.0	0.008	0.006	0.008	0.001	0.001	0.001	1.0	0.007	0.0	0.003	0.002	0.001	0.0	0.014
rs11745728	0.0	0.0	0.0	0.002	0.0	0.0	0.0	0.0	0.007	1.0	0.0	0.002	0.0	0.004	0.0	0.001
rs13176914	0.009	0.005	0.001	0.002	0.002	0.0	0.006	0.006	0.0	0.0	1.0	0.003	0.002	0.002	0.0	0.002
rs4866463	0.0	0.002	0.01	0.002	0.005	0.0	0.001	0.002	0.003	0.002	0.003	1.0	0.003	0.004	0.0	0.001
rs11750441	0.001	0.0	0.004	0.0	0.0	0.002	0.002	0.003	0.002	0.0	0.002	0.003	1.0	0.001	0.0	0.008
rs261137	0.0	0.0	0.001	0.001	0.004	0.001	0.0	0.005	0.001	0.004	0.002	0.004	0.001	1.0	0.001	0.001
rs1376240	0.002	0.001	0.002	0.001	0.0	0.006	0.0	0.0	0.0	0.0	0.0	0.0	0.0	0.001	1.0	0.001
rs4702249	0.0	0.0	0.004	0.0	0.003	0.0	0.0	0.0	0.014	0.001	0.002	0.001	0.008	0.001	0.001	1.0
