RS_number	rs6596835	rs10223528	rs9378518	rs10458234	rs2745631	rs9392312	rs9405506	rs12664420	rs2296355	rs1040521	rs11242860	rs226971	rs9378811	rs541051	rs883743	rs1016598	rs9502311	rs9378430	rs4959340	rs9504466	rs7748174	rs6597185
rs6596835	1.0	0.0	0.004	0.006	0.0	0.005	0.006	0.0	0.0	0.007	0.0	0.001	0.003	0.0	0.005	0.0	0.0	0.003	0.0	0.009	0.0	0.001
rs10223528	0.0	1.0	0.004	0.002	0.0	0.0	0.0	0.002	0.001	0.002	0.002	0.011	0.008	0.001	0.001	0.0	0.0	0.0	0.0	0.001	0.0	0.003
rs9378518	0.004	0.004	1.0	0.001	0.004	0.0	0.0	0.0	0.0	0.001	0.0	0.0	0.001	0.001	0.0	0.011	0.011	0.001	0.0	0.003	0.0	0.001
rs10458234	0.006	0.002	0.001	1.0	0.002	0.004	0.001	0.002	0.0	0.004	0.001	0.0	0.005	0.0	0.002	0.001	0.001	0.003	0.009	0.002	0.004	0.001
rs2745631	0.0	0.0	0.004	0.002	1.0	0.001	0.0	0.002	0.0	0.0	0.0	0.007	0.0	0.0	0.001	0.0	0.001	0.001	0.002	0.002	0.0	0.001
rs9392312	0.005	0.0	0.0	0.004	0.001	1.0	0.008	0.001	0.005	0.001	0.001	0.012	0.013	0.002	0.0	0.013	0.013	0.003	0.005	0.002	0.001	0.001
rs9405506	0.006	0.0	0.0	0.001	0.0	0.008	1.0	0.0	0.0	0.005	0.0	0.001	0.001	0.0	0.001	0.017	0.001	0.002	0.003	0.001	0.001	0.008
rs12664420	0.0	0.002	0.0	0.002	0.002	0.001	0.0	1.0	0.006	0.0	0.005	0.005	0.001	0.002	0.015	0.0	0.003	0.0	0.0	0.015	0.0	0.002
rs2296355	0.0	0.001	0.0	0.0	0.0	0.005	0.0	0.006	1.0	0.003	0.0	0.001	0.0	0.013	0.0	0.003	0.003	0.001	0.0	0.0	0.002	0.0
rs1040521	0.007	0.002	0.001	0.004	0.0	0.001	0.005	0.0	0.003	1.0	0.0	0.002	0.0	0.003	0.004	0.001	0.005	0.002	0.005	0.002	0.0	0.0
rs11242860	0.0	0.002	0.0	0.001	0.0	0.001	0.0	0.005	0.0	0.0	1.0	0.0	0.001	0.001	0.002	0.001	0.0	0.005	0.0	0.004	0.0	0.001
rs226971	0.001	0.011	0.0	0.0	0.007	0.012	0.001	0.005	0.001	0.002	0.0	1.0	0.025	0.001	0.002	0.003	0.0	0.002	0.002	0.001	0.005	0.003
rs9378811	0.003	0.008	0.001	0.005	0.0	0.013	0.001	0.001	0.0	0.0	0.001	0.025	1.0	0.0	0.0	0.002	0.001	0.002	0.0	0.0	0.009	0.003
rs541051	0.0	0.001	0.001	0.0	0.0	0.002	0.0	0.002	0.013	0.003	0.001	0.001	0.0	1.0	0.006	0.001	0.008	0.004	0.0	0.0	0.011	0.003
rs883743	0.005	0.001	0.0	0.002	0.001	0.0	0.001	0.015	0.0	0.004	0.002	0.002	0.0	0.006	1.0	0.004	0.019	0.0	0.0	0.003	0.008	0.007
rs1016598	0.0	0.0	0.011	0.001	0.0	0.013	0.017	0.0	0.003	0.001	0.001	0.003	0.002	0.001	0.004	1.0	0.002	0.0	0.007	0.0	0.001	0.002
rs9502311	0.0	0.0	0.011	0.001	0.001	0.013	0.001	0.003	0.003	0.005	0.0	0.0	0.001	0.008	0.019	0.002	1.0	0.004	0.008	0.002	0.0	0.002
rs9378430	0.003	0.0	0.001	0.003	0.001	0.003	0.002	0.0	0.001	0.002	0.005	0.002	0.002	0.004	0.0	0.0	0.004	1.0	0.002	0.0	0.001	0.015
rs4959340	0.0	0.0	0.0	0.009	0.002	0.005	0.003	0.0	0.0	0.005	0.0	0.002	0.0	0.0	0.0	0.007	0.008	0.002	1.0	0.001	0.008	0.002
rs9504466	0.009	0.001	0.003	0.002	0.002	0.002	0.001	0.015	0.0	0.002	0.004	0.001	0.0	0.0	0.003	0.0	0.002	0.0	0.001	1.0	0.0	0.0
rs7748174	0.0	0.0	0.0	0.004	0.0	0.001	0.001	0.0	0.002	0.0	0.0	0.005	0.009	0.011	0.008	0.001	0.0	0.001	0.008	0.0	1.0	0.021
rs6597185	0.001	0.003	0.001	0.001	0.001	0.001	0.008	0.002	0.0	0.0	0.001	0.003	0.003	0.003	0.007	0.002	0.002	0.015	0.002	0.0	0.021	1.0
