RS_number	rs4637765	rs10264122	rs2734791	rs6942930	rs10260968	rs1982157	rs1550202	rs6952068	rs17133257	rs6976105	rs10272726	rs12055961	rs6960751	rs2042545	rs9655516
rs4637765	1.0	0.012	0.0	0.0	0.003	0.0	0.0	0.0	0.0	0.001	0.0	0.002	0.001	0.0	0.003
rs10264122	0.012	1.0	0.002	0.001	0.001	0.001	0.001	0.0	0.001	0.001	0.004	0.0	0.0	0.0	0.0
rs2734791	0.0	0.002	1.0	0.004	0.001	0.011	0.002	0.0	0.0	0.002	0.0	0.001	0.0	0.003	0.005
rs6942930	0.0	0.001	0.004	1.0	0.001	0.0	0.0	0.002	0.0	0.0	0.001	0.0	0.0	0.002	0.002
rs10260968	0.003	0.001	0.001	0.001	1.0	0.007	0.0	0.001	0.0	0.004	0.001	0.0	0.004	0.0	0.003
rs1982157	0.0	0.001	0.011	0.0	0.007	1.0	0.003	0.002	0.0	0.0	0.0	0.0	0.0	0.002	0.002
rs1550202	0.0	0.001	0.002	0.0	0.0	0.003	1.0	0.002	0.007	0.003	0.003	0.002	0.001	0.008	0.005
rs6952068	0.0	0.0	0.0	0.002	0.001	0.002	0.002	1.0	0.003	0.001	0.001	0.005	0.001	0.011	0.007
rs17133257	0.0	0.001	0.0	0.0	0.0	0.0	0.007	0.003	1.0	0.002	0.005	0.001	0.013	0.0	0.001
rs6976105	0.001	0.001	0.002	0.0	0.004	0.0	0.003	0.001	0.002	1.0	0.001	0.001	0.0	0.005	0.0
rs10272726	0.0	0.004	0.0	0.001	0.001	0.0	0.003	0.001	0.005	0.001	1.0	0.002	0.005	0.0	0.003
rs12055961	0.002	0.0	0.001	0.0	0.0	0.0	0.002	0.005	0.001	0.001	0.002	1.0	0.0	0.0	0.001
rs6960751	0.001	0.0	0.0	0.0	0.004	0.0	0.001	0.001	0.013	0.0	0.005	0.0	1.0	0.0	0.0
rs2042545	0.0	0.0	0.003	0.002	0.0	0.002	0.008	0.011	0.0	0.005	0.0	0.0	0.0	1.0	0.0
rs9655516	0.003	0.0	0.005	0.002	0.003	0.002	0.005	0.007	0.001	0.0	0.003	0.001	0.0	0.0	1.0
