RS_number	rs9314442	rs7463086	rs1470777	rs7826946	rs6558441	rs10866924	rs3779704	rs11780530	rs1455633	rs9693133	rs12546362	rs7013027	rs11774749	rs9314497	rs2469364	rs1471593	rs12680074	rs2912288	rs11779222
rs9314442	1.0	0.001	0.001	0.006	0.0	0.0	0.002	0.001	0.0	0.006	0.001	0.002	0.006	0.001	0.002	0.0	0.01	0.004	0.0
rs7463086	0.001	1.0	0.003	0.001	0.01	0.001	0.006	0.006	0.001	0.002	0.002	0.001	0.004	0.007	0.004	0.0	0.002	0.001	0.014
rs1470777	0.001	0.003	1.0	0.001	0.004	0.0	0.011	0.002	0.001	0.0	0.006	0.0	0.002	0.0	0.001	0.0	0.001	0.0	0.003
rs7826946	0.006	0.001	0.001	1.0	0.01	0.01	0.0	0.002	0.002	0.014	0.002	0.0	0.001	0.0	0.001	0.0	0.001	0.0	0.001
rs6558441	0.0	0.01	0.004	0.01	1.0	0.003	0.005	0.0	0.006	0.0	0.0	0.003	0.001	0.007	0.0	0.006	0.0	0.001	0.001
rs10866924	0.0	0.001	0.0	0.01	0.003	1.0	0.001	0.001	0.001	0.0	0.008	0.0	0.014	0.0	0.0	0.005	0.0	0.001	0.006
rs3779704	0.002	0.006	0.011	0.0	0.005	0.001	1.0	0.0	0.006	0.001	0.0	0.001	0.0	0.001	0.0	0.001	0.001	0.001	0.001
rs11780530	0.001	0.006	0.002	0.002	0.0	0.001	0.0	1.0	0.006	0.015	0.014	0.0	0.0	0.0	0.0	0.002	0.001	0.005	0.0
rs1455633	0.0	0.001	0.001	0.002	0.006	0.001	0.006	0.006	1.0	0.01	0.009	0.003	0.011	0.001	0.007	0.001	0.0	0.001	0.01
rs9693133	0.006	0.002	0.0	0.014	0.0	0.0	0.001	0.015	0.01	1.0	0.014	0.001	0.003	0.007	0.001	0.0	0.005	0.001	0.001
rs12546362	0.001	0.002	0.006	0.002	0.0	0.008	0.0	0.014	0.009	0.014	1.0	0.006	0.0	0.001	0.007	0.0	0.012	0.0	0.003
rs7013027	0.002	0.001	0.0	0.0	0.003	0.0	0.001	0.0	0.003	0.001	0.006	1.0	0.01	0.01	0.001	0.0	0.002	0.005	0.003
rs11774749	0.006	0.004	0.002	0.001	0.001	0.014	0.0	0.0	0.011	0.003	0.0	0.01	1.0	0.001	0.009	0.009	0.0	0.008	0.003
rs9314497	0.001	0.007	0.0	0.0	0.007	0.0	0.001	0.0	0.001	0.007	0.001	0.01	0.001	1.0	0.003	0.001	0.01	0.005	0.001
rs2469364	0.002	0.004	0.001	0.001	0.0	0.0	0.0	0.0	0.007	0.001	0.007	0.001	0.009	0.003	1.0	0.003	0.002	0.01	0.001
rs1471593	0.0	0.0	0.0	0.0	0.006	0.005	0.001	0.002	0.001	0.0	0.0	0.0	0.009	0.001	0.003	1.0	0.012	0.008	0.0
rs12680074	0.01	0.002	0.001	0.001	0.0	0.0	0.001	0.001	0.0	0.005	0.012	0.002	0.0	0.01	0.002	0.012	1.0	0.0	0.011
rs2912288	0.004	0.001	0.0	0.0	0.001	0.001	0.001	0.005	0.001	0.001	0.0	0.005	0.008	0.005	0.01	0.008	0.0	1.0	0.018
rs11779222	0.0	0.014	0.003	0.001	0.001	0.006	0.001	0.0	0.01	0.001	0.003	0.003	0.003	0.001	0.001	0.0	0.011	0.018	1.0
