RS_number	rs649126	rs7850218	rs1412255	rs12344160	rs1331817	rs10757469	rs3858032	rs10974261	rs10814874	rs301430	rs7848468	rs295258	rs1571221
rs649126	1.0	0.004	0.002	0.01	0.001	0.002	0.002	0.0	0.001	0.001	0.007	0.001	0.0
rs7850218	0.004	1.0	0.0	0.0	0.003	0.0	0.004	0.001	0.001	0.0	0.0	0.002	0.005
rs1412255	0.002	0.0	1.0	0.003	0.002	0.015	0.005	0.001	0.001	0.0	0.002	0.001	0.0
rs12344160	0.01	0.0	0.003	1.0	0.004	0.003	0.0	0.001	0.0	0.008	0.003	0.002	0.0
rs1331817	0.001	0.003	0.002	0.004	1.0	0.002	0.0	0.005	0.001	0.001	0.005	0.014	0.0
rs10757469	0.002	0.0	0.015	0.003	0.002	1.0	0.002	0.002	0.002	0.0	0.004	0.001	0.001
rs3858032	0.002	0.004	0.005	0.0	0.0	0.002	1.0	0.002	0.0	0.003	0.0	0.002	0.001
rs10974261	0.0	0.001	0.001	0.001	0.005	0.002	0.002	1.0	0.002	0.009	0.006	0.001	0.003
rs10814874	0.001	0.001	0.001	0.0	0.001	0.002	0.0	0.002	1.0	0.002	0.005	0.006	0.0
rs301430	0.001	0.0	0.0	0.008	0.001	0.0	0.003	0.009	0.002	1.0	0.001	0.0	0.0
rs7848468	0.007	0.0	0.002	0.003	0.005	0.004	0.0	0.006	0.005	0.001	1.0	0.002	0.008
rs295258	0.001	0.002	0.001	0.002	0.014	0.001	0.002	0.001	0.006	0.0	0.002	1.0	0.008
rs1571221	0.0	0.005	0.0	0.0	0.0	0.001	0.001	0.003	0.0	0.0	0.008	0.008	1.0
