121001201110111112222110110100102110101120122101102102112021022202122102010112121101212022102011110122002211010111112100111212021022111111110212222212112101010111112101212211010211112011120110101011220110211110102122222111201210222210000101201111111112110001000122020221011022001000211112111201212221111122111111111211011021100012011112211110112101000001121210101220012110201111110010
211110211220101011222111002111110111020112111011112001211000011222221222111211021121221121012011111212001220002112201211111211210100111101212121110111111210111121011112122000011010201101221211120021010102011120210110101011110212012111121101111110202120112110100111100221111100111010110110211220201210100001112220021102221022111110001112120101022210110111012001212111222112110112211101
212112211010210121221112110112121022000020201121221222111011102011202110112111122211110111000111100211110021102201012121000000110112112121222221121121202001001221012022211101022112011210111012110221210200120121111012021111112021121121011100101121120200120202121101011212001011120111111202221211210211010101021220010211112120110112022001121110022022220120222000101111112102021121120222
201222020210120212221121211201111121122020222220221001122021111212211121210112010112101200021111001111121111012012121100211110020111102001111110212210222122221111221110011120101010212200102011200211210111112111011112102102111111111021001120102202101000020000101002110110102211121011111201222120122122220201202201101101121102211100121022220101212022112122212121111122220211011020002211
120201110220111011122110011001200111122111112020110222201100110012122101200210220112201000111111112111011021211111122011201011121011221112121121120222111211100110011200121121010121120210001100110101112020201222121110210221111101222111001000121112200001121112000102221201120202201011220202120121201111122002101201210012120112201110121102100000111122120111012112021211122002010012010200
110110201021122222220121121110110201001110111020101122102211101010221121110100011111110110120011110111102110120101110121201211011111211201112111111221220211210201221200020210021010011111111111011101221102212112000212011010012021012111110011220100012110121101020022111111211022111120111112211200002210121021011111110202021112100100011120100112110002120202102012021120101201211112022120
101211110100122112202200100101102221011121121120202221212101010110110112020112111211010210011120201011121210100101212222000222111110221101000111210112211000110120010101111212101110211121111000221220200120011210011012111221102210011012222110210001002102002110101012120112000111010111002201221112202202220121012211001112221120100111111111211111011201200101121021122011111212011102001001
100101111111011001201122211011010111100010222110111001101011100000111100101010101022020210101110111102110122020011212112202101121110121011120111221111021010110120021221111201101211012111211101110211101202111221111112111220101201021102012100201012202122000112002102220101011211002220111221111110011110101002012101011121001011021101021102111010100100120111101011211210010010010111111111
211221111011121011021110102220201120011100112220122201102111012101112001121001121121202111210111010212102101112112200010212001011210100020021101220112110011220110122222101112011200101110210111110101101200110102020110222211021111121000110201200000101211111101211112212202121211121010000111221110012011002000201111010000011122101021111021222121211102001011011122111011111021000121011210
211100010020011122221111121212010120002220111121111201111101012212100220221100121121110120101201000102102222112111102222020211120110101010211100110022210000102211001011002101101111212120011001111211111200202110110001101220100012121110021121110112112211111000010012222012011210110120111211121212200210212111010112100101221201011201011211000201211011210020102100111112110102111011011210
101100010121001022211011121001111211010010111100201211000212010201211102121112110110222100110000111102111112112111101111202200220001211021021112111121221111010211111210112111211112102101011101200120000100120120121112001011210202011101121100102101111221211100200210212211021221110111201102110222221112012111100110101111212210111121012012101211220100112020011111212110112112112111102111
020111021010012002021111200221111010212221101011002112102110100101112001100010111101212110200101020212112121011000011001011201111210110110212201020212211201102120010121112210011102211101210211120001211111211221002010100120120210221011100100201112111012001102101100211211012201222011000111221000211211120001101101111002221022010110110210101101201212021010002021101012020010110001101210
122211021120120102120110210111111100111011022120121210200001110122110121110211211211112110011202110221012100112101122201100101120001121100011121211121001110110201011100011112101111201201100110110110100001111010110011111012010011111212001101210012111100102102211111000001110012111100000102111111111111011202011120020102000012110220101121111001112120111001012022111111011201211111111211
101012112011011121210210211100012100011202121010202012212001100011222202100200111222202202111100010000111111111110012210010101020001101211121221220101112021212221112212122111111220112211212101211211011011222121112002100000011111211000001100110111101012010101210101221200220202012021100120220220101011021011101110011112211121011110201102110010011111010112210122002210112101110121111211
211112101110211120012211100211211010210122212011112022220111100210101202110011000102011011121011010111011211121000012100210110110011101112111110210112212110221010010121112210012101111111101100122121111201222211111111021210102000112201112010001122211011210121100011111210101000220121102001112122200002201111112210102101210021112000011221000020211202001001011211211022121210211001111111
101111100010101011122210111001012021110120211121111112211202112221111102221212121122201220201120222111021211201012200112001111210110112012010000212110201101011120212110111211002121001110120111210221111210111211000111120122210210120101012200211000202110211002000011211102010211110010210201220201120210011202111211101121121122102102101122000110121011111121102020122011111211001111022210
112211012021121221221211001011011001201201210110101112210121001111122210110201112002212110021110011112211011111021021001122201010000110011022012120211111111220002001201011112011211101111111011120221001112112220011110121110111012122120212112220111221112110110211002110111100202101221211101102220011111011011201200122111121101211100002112111010110111211010110211212000021212112212011121
111202201110021101112112002100110211010222102010121112212121011102211212011000111122221110010120020001201012102000112122111220222101000000120211011011100001110211111111110221201210012210100000221111112211011111111001012111111111211200221112111002211101111010200111121211121011210200110002221021012021010010001100110110121012122110121120011011222100111011110022112121121201011120011120
201221211002100022010011101210210000112120122222111011102101000100121200212101012012110101110101221111211021201011200121110101111201111011120111111121102110011210122211010102122211021000211010022122002121100121101111100010000112111101222121211021112110012201120002121221010201011121101220110210212222120102201110101210201112211010111112111011121121211002112102122120112021001212212010
200111101122110112011101202121112221202220112001212111200111200100101011220111211211122100001121121111121221011021101100100212122110202111020012121012122022002110021221212010201220012211202011110121101100111012020001112112111110111002021010011110111121111111120100012101110012021220100202210000211120022011011010012111021001100121100122212001211112010000211212202212121110221101112201
010221010110111021121000211010210221222112211022201012110011210202111212121101022201120100211011010112201101111221210112100201012011120100211210111111111112120211110210211100101110210202220110021121211210111021111011102011011211200112020121210101102120120201022111101100201220222021110012222120202210110000212020122211200021210111111111100120122002122122102111111012102201000020211111
110101221121211011221210022112111022101102101121010102020211011002022212121011121211221021111122121202120112101001201210112110111102210211211221100121112102101110102211022102221201010121111021222111110112110221201021121001111000110221022102220010201111121001101112110101111101011112110201110120100210221111102201001112211102112121002121110001210111000100101102121212120001111201102101
101102111110112120211201121210110121122112212121100102121011111120112221210020222112101120021020010110111222111121211222011100001201120010110020221122110000102110021212112101011200001110211110110222100201201121220021210110121111222222020111110002102021021010011102110110121102120111201211221001110211121100012200000000111121220120001222210002110002000112010121110111112112000101211102
120012010110111121121101110010111022011212212002201010112102112101221222211221001120102100111102110112101122121011112010012100120011121011110120011110101101010121200001101100110120200021111110211000110112102122221000111121122210020101211101201011001111010011001111120011100222111020111211121120112221120211200201120012202122110200101222201011010121121102112111212111122102121221102212
202002211100111011111110101110100121000210111010110211120201100101111111110110111111002222110111011121111120101110111221121111020112210111102111211210211112211101021110012210110200021110202000110211210211110100202000121021010111222221212110110011011122210012111021201111110212112110011222220102201221001012202012112212101021002121001121002011110102111111110101212000222022121111101210
201011120020111201111100210210120010102222200121211022101121012101210202221221011111121212111100201202101111110021221020011212211110110001120111221111012111122221112012112100002111012121110011011010110011221110211112100111110201122111021112110101121121201102120102210022111111111010200110000211101220111011021121101211121011120101101101111020220011010010112112211100110212011122202120
000112221120010012010001100212211110102111222121100011212111210012101112011001122120201011101011111112212122202100010012201100212021221112220212201122000112110111012200022000010102111011222112121010211001210112022012020011011011222101111011111111022112020100110102112100111200010010221021111120211111021210211010110101210021121101111021122100111011201001120022201211022202111122112011
011112110121121012101111100100210020120002111110121101212010100102002201110011211112221111010020011100122002121211122210211211110011110001121101110120120121011221111100221002112201111110101111111020102201212101121221121121010222111110010011120211011121121012221000211211101021121120202111221120211001112121011020101012121111221220010121111000122221211201200121122020121112110202102100
210001100020121122111101111110112221111111222101201120010110010102200212122011221112121111011100021001002120100101011011020111100211211112110201111221110111011111012212111111211200101200220011121012110201122121200002112122202011000121021201020111011021121101201010101110110111211111210111201110211210011102211100011022221101221112100121121110102100002001102112111212011001101121101101
011112110101200112110101100212102120102200012020211112112001011112021221021000111212200011011102022112121221112110101101121112210210111111221120111221021122110220101111102211110120012002201111010210121212111122020001020011110122010202111110201200021212010111200011211212101212212000121112220200101020212111111101000101111011100200111011222010100010110122211111212010212200110111021111
011111101112021222120201112000021112101122102012210011111012010111111112010010120221211211100001121112010120001112120211100120110121020001020112110211102220111220221200100011012121022121112102010221212211011101100112121120021112111101111101101000110012211111100111110122112110110110101100111111201210121210201210002011211012100211002122000121201021201011000012202011111002010111012122
110211121011010122222112111100200111112010202120200111021012111120221011100121012221111101100010010112101221012110202102102211121110210022201220212120101221210220012121111102020220011201211111111121220220211210201101112020121021010102210101211111211010121010011111121111010201101212111102212111212211220212102011100112210112210220100001100001210212112111122112112100021101100012210220
211012010121120121021122111221101101110111221111111111211101220002220102221201021010100010111201120021122212112121111201001202102011111112001012211111211121121201112010011222101220010201021001121120011210122020111101110110001010021110122102110212010122011120110111021201111212221211101200211211211222011110120111011002220011220011012122120111110002110110010221111220012001012111101210
201002112012111111110112112111022111012101202101111011112111121212112012200111120121211011111010022112210102001101220102002120112100222110121111121112121011111101012211011212111011011212100111021201210102021010001122121021120211220001010111010011221121222101000101102201001011211101201101112221111221021212111112101102100120201101010121021110220111021112210111000021121111101121101121
202001011110101021201111111110101011101112112121101211112011201211110201220111121111211211211001102112101121200100011211121112102110000101001121210111011121011011012201221212121110111210220020102100200010121110101111211020110111011220000111110002100022011120010121210202101212012121200102110021212211121002111202012101011011221112221122110002111000000111111000121021022011120010011111
122220110120111011111201112221201110111121211020200001121122111101011011111210121111200211221111222211112222101202200020010102211101220021012211020122220011110020212102101001200202111120121120110210101111200122010202122111211111010101110111210001022122011111001100211120000212010011101101211211222112111020211101221202101101100121112011010022110102210011012111111101221101100100002010
101121201000111012111111210102211200102102100101112102111021201111110101111121011211201111111010222222122120110100222002011201011212201011021211210212111110101121122111012210100200012112210000200222101120122112011002002111101210112102211110000201201121111120211102111101121211221112202111202111122010101102011011100102102121201011001011211011121121102011020022201010011012211122021222
210101111011011111112200122210120010111201012000211021020022111102121211110101112022202110011101121202112200211101212211121111120101101012210020000121211200110101212201101111211222121022112110220112110211011101202010021010120211111000110110111011111101011001001101120100100111200000112112111111101120120112202121100110112021111200111021000112112212001022110110200000122001210002112100
111120200222211122110120020200012000110101222001002100202201111101210121111110121101111211002111121120001221101011112111001100101111101112200102211012111102211211112110101200101211112110210111020110211211112121100110210021111011221211110200211001112111121222100111111102002111011021211011221022210112120122100120020001110111221011101022011011201110211101012020201211110221100211122211
112122100112121122222201221200102112122211221021201111210211010102210212012001212121201100100002111012012022002211120210012211211221111012021111222010112121221201011211111201002110112210120200211110001111222101102022022001110201110221111100000022101010110020111101120120010111022021111222021121102111000111200120111001111121110101111111221121221012111011002112211110012101001102021011
211102211111111212100102010101001100112112100012212020111101110100011112111200022111101211100120221102110212101111110121111200010200020211111210212110201100120120222012102100201212122202110102000211111211220120000212111121201002111200122201010011122211121111102001221110202112210110212102220010211211111012111222002011220020011021202112101201110211212012101102100110101201012111100021
111112012111001222011110211201021111211111102121111012202111000111212201120020112102101210110101112222101112102001121211011202121002210100010012111102011101110121011000102212011112202112221100020011011100201120012112111011002110210111201211100112212112011102212112201120211221210120100122210111111110102101122201021111121122000012001222100120010001201111100011202112010210111121202001
000011111201100102221100120110100220102011102011111201112112211210202211212011111221011211011001110202111011112112010211021221010012101001001100211221221111001201100110121111001110112002201112120010112221221112021102011211011012212211220121101112120011111101011021120211010212111021201112211121211201202022201221102101201112101201211012110001122101111010101102111111212011121112020210
011121121120101011111110211010110101102211211101101101110111111120111110211202111122201112102102110112101012101121211201011201021102200101002112110121220110121121101101111010011122211210221100221211212200120121001002110000112112201111111102211002001221021000011000221111221112121111111102120210122111020221112101122101011111121111110100000002111001012111202202212001111112121001112011
221102102020221021212110210211110121121211102002121001102001010202221110211112021021120200121121111201121221100010102110010110220011010101011221111201211010022221112101111011121011122211110120111110110120111011011111121011021101110000021111111101202111211020211011210101101201210110101102212212112222221002002111101022111211101100122220011011211211010202011021001011111010010102112211
111202010101021220212101210221100012012022122011201011212001001111112122111012022002100221110122110002101011102011111111011001110020101122100121011022221000111210212000012111221211212100121100020121100000111001111112110111001211210000111201110211001021022010101000011001111211022010210101010111101111111120111011021111121121002000112101101001212102000112002102211000022120220110211110
111122111111101110221101221011100100122010220000010112102012110111122111011000210111212211121011021011102211022200110110110101011020121101101001111022121110010120220000121111010111121200211101211110000002122112211011111020011011100201220101100000122101021101011212101111002102011012220201121121212200121111211000200012120011212111202222011111111100101221012221202012211022210010111020
211122101121120011011222101212011110122110111121111012102021121102021202102011110111002100011111221101010121201122221010101211121010110221100111212021122011101010122111101012111211001102121200201101111211121210101002112021112202122200002012111211122222102211000110121100101210220010200210221102200121100012112111020000211021010211011122120111121011011001101021102010120212111002121222
212112221211221010110010110211111012200220221011111112101010111201011202011102211122120120100121210111120211210101221102200211211020110022210111121221120122221210101211222112211112102222101022201220102101120110110111001211010111201121021010112022102011211110111011020100011201120110112212120101111121121011211221101111111022100201122122101102221221111100110210211120102101021121021211
111101100002021121112201110102100011110200201121001111212111200100210211010211012211111120110110121212110202210112111111101011011210111211011221110111122011111220112101102201012102011101121010120211112111011121111002021111110101221102111121201121221020121221101101001112121100221121102010101121220010112011112210111010210101011102110110010021120100102111121121200120000110010101202010
100012211011121202212221211122212100111112201101002010110101011102212012010100120211100220101211120121002122111201111111210201001012121112120122211202112022121112101211021101111011210101101011220111100111102111001121011010100200101212120100220010001022111020221022100221120112221010211101201120201112121121000011001022021212122001102011110120221102011000011122221001020102110221102202
210210010120222001202211110110102110211111210021102212212202002201111012101010010211200100110110011001101222012002211121011111111111111112122111201011222201200110102210011010011110001221010002201021202101221221110101111011201111120101020000200101021001012111101120112211121002000110222102021211122221111001200101120001111021102101112222111111220112101101021100212110120211111100002101
111001101010011110101121211220011111112210111220101101001012100211122102120110021221121110011020000011102111211111211111111200012110201022012121101021010102101020021111121200100100122112211112221111002211120111200011222011111111200111111210112112000001021111000000110201100211021020001102102112102212112011001200010102210012111110021022100112111110101112022011202112120012012221100101
211022110110210012220001201201000000212221221010201111111011011111211110110122221211000110121112101101001020101102212202010100001100011012121001120101111011110220010221101220110110212111120100221110201220010111120202221110011111201211121012111202212111121110120111221211121111120112210012220112110221021012112111021201020100001012111221001112121011122111111221121121112212110011111100
211110011122211112222211202201201112111111222020221211122112101211211021111110111220101220101021010120011201102012110220111211001100101210211211101000111210120211122101021010001101100211210110121110200101201110001111221010120110021111221120021202001011112112100100010212221211101102000221121101212220120011112111111000220022100220102122000111222111122000001111212111211011110112001122
111001001010111012110110211120211000011220102021012022011212011222212202121120101101220122010010111212012012221012201102010211221101112201111210120121101100112200112011012112120220000212010012102121112101102002101010111120100001211111020122120100101011111010100200211110022100110201100222210211211121210111102121110102100112102021112121102210100102001112012111111020111201120022010201
220122111010201001000111110200221210110221012210211202202111112112221101001111011122121211102111021002001222110112211011220212011020101121220220111120220100210020011121122122202202100022110120012122201201122121102101010122110110020111010001210122012121010211210121111120010220020020111202022112022221002100212120102111110012121012122011000100111122101201001021021211021001100021102110
120111101110000002210111122200101110010211111120221102002211210102021211112111112112111212212111120102011112002121022002201211002101112121120001220121121001210110112101011201100100101110002011110020101202221220120112011112021100210101121102211012102112210010001111121111211201121102110102122122101220010020112100110011221101210101020111110110200001110212002112110100111101101111220110
210022001012011222001120101110110111110120222010101122101211101001112212201011001221221111111111200111111111222001111022111121111111011211011100121121111012110111021210112111001211011011121101111110100101021200112202012120112212122011102212111111210020101101111111022001110011111121110112211011112220120011012101101201020111121011111102101112201111111122012102211120111012010121112111
010022000121111012021210110212201220111222111121022121001011000112121111122010221121010212010110021221111121111102111000212200101011210011020121220120121110120212121101012120202122210010111100021220111112010201100011120020100100220110110111002122011121120012101102220100112210122110221111121220202220220011110221001001211120010201111001110122101101201002111211100001112212101112020111
202020122121011122210110212110010111011221121100200001100002110100210222110200111020111210001121121110211121201210121212110111102110211101101220211202101100121120110211121220101211211110120002112021200121021110211010121110211101200110111202101010112112001111200021210010122012121012010201221112112012121121201201101002021121111222200122111010012101100100111121112111021102000101112211
120201201111021102212111202100121001101221212111121112110121111100211201002011100112111011121011121212101221001102211112111221112020200112011211121022221101021212022212111100111211211201011021211212011202112120120020012110110110211110111111221212112122012012121111102122101211201111100100100101011111120212212202110002211121000200102112021110121012111122002112210012210211120111100120
112111100100011120011100200201111121112100122010210102102111020012120122110101210121201111110100010122010211101110121000120110021121121101011101210111112110210020012001112100111011112122120110101110201210221120100212001220012020111201011211120110012122201100111012222212211212012211211111110222200112112110010100111002111012211100221012001000201220111111001110111110012100000110111011
100011102110121011121211101201101102001210121011102102122100212100211101111100122102100111010210100202011121120102211021020211121111011101120122011110211210001212010110101210110212101101111100110211211111222112211200112110000210020111111122010012112012021011110022111211101011211021102122101122210211001001202021200012211212001100120121101011211100101211101111112001012110111112001112
110012110211112012110102111010120010111111211111121221212010120222220111220122022021110210110000121112010212101222202010221210110111110212011112111211121111210221021010201101110201100210221201112200201120111120000011110101010201220120000202112022012112021112200002211120121111110012000122210122201111022011020201110011110102211111001002100211121010011011121102001010221200110011111121
111101101021020212010210001111200210022100211102112012211101110112222121122001010111110111211202211111011211011011201101000120220001112011221100021111011010020111021201011202102201101010020101221110111201201211120100122011111200101201210111211110102010002010010111220212222121210020211111021202201020012101221101012022121211100111000010102122210212110111211111212210110011102002012112
121112221011110112212210101102221211112120112011111111010020020112110112111112110111112111021110020211112102121111110111010100111011120212012010110122112101111221121200011100122220111111111100121202111212212121010111201012021011201100000010110012112011101101120001210112000001210111012101010201112111212002012211110111220110110120101122201000212101110011011211200010101101111001202100
212112112211120111111211012201012110111211211011012101112212111211212122001111111120111021112111022020202100101221111020122011010011110102021111211122112101120120010000221110011110011210010101110111101200222211011022110220111111021111120122002122011112120020101121111101001111011010100212000210111121200102012100110211021002102110010110010201101101012012101011102021111111000102200101
021000102011011120210010010121102112011121200001101101002011202111211110100001012111100111121000002211011212112002202111020001010110101222010111121021221101022202012100011110100201111112110211211212001001121120110001100010101102221011111120201102011022111102101010111112211211100000000111110210012110111122012111021111010121102101020012010110101112001102001001102120112112110221012221
211211011021121121221011220100111122102200011112210100110001101111222110221110112111122110000111020022111122201201112111101102012111210011011210111101221000111210000100101110120221222210121110222212201221111111000002022010110111112011221211111202111211110201211101112012212221210111121212211222201201121001112121022001121011012112212020110211201011210111011010120021022212101211121200
100121112100120011112210121012110211111121001211100212210021001011102000110120201012200020000110120212102111002002102210110210220011200001110121200101221100111210002010112000012110202211212000211211121002122110111201200010000210112210121201211112011201111100102111111211112221121111101211120110101211200122101111002120021111101211011122021111121101010001202101221110112001011102021100
111121002021021022121122102212011010101121120210210110222111111100112201012002010112211112101210011011201111011102122001102211111201110121211111211210122100012210010211100111020011112220010000121100210112202120100011121011020002200021121000121111101112120111100112211211021001120022100200202210011210021000210101002010121011100101110011211211111002110002212011210010011201000210102101
121100201100110201011211110200111000020121202121101022002002111201212101101010112122120012211200101111111111200101221100210210101111101012112022222121002220112211022111211121000112000101210101122212000010021020011001211011111011110111010100102102022001011100001000101001010122111010211111211210102112121122002110111211100102212010100110022110211021001220100011210221012011102202121112
120101110021100101121000022101200200100201202112111111111111210111202101111101001002111021011101100201102212112111020101111221021201210111111111112211211010121220111200021211100200002200211111011121211201201221101212120001101220100111220000111111111211212110001012020120111102110011102202112101212110112010010110011122210111200021101211110001012111111012201010212010111201100111111211
100111001121010112012102201202101120201021221022102212111211100210100112011022112112221211111111110000102211101111122220010121020021000110200111210212211101011212022010111010100101021201210002121120110220100220010102020120101101121101112111010000111202010001122112121110120111121021210112121121001010221101211100021022220001111111221121000011211221102111100101122002011201110221211120
121101010201110012111002121210111102121220111020111010102001000010112211011101121102112101111210022111110011010011211110110220110120120111210110210211210111021200210020011221101201121200020110212010212111101202020012112010101210211201011210101112122020001110212002111111120002210110211110111120002211022012101221211111121111020001212001110112211122200102121011111001011100111101201021
112010021011110121101002210200100011112101011011210011111211100101122210111011111011111122201002210111010022012101110111012112012111100001010121211212112000111110021112101102200010021121120220121200221200221211011112020022121210111111000210201111221021102221101112212201012121121110100111201011011210011102102121101211221110202211100011111201111211102102101110211211212102112121021212
210010000011211021111000221002112021011210012100112112202122011201111111100001010121201210220120001211012122111211221111220202121211101000210121101122112011110111021211111110111220110020211111121012202111001111112100011121110100121111100211101010011120111000001001122201111121120010112000111011001110121222111011101112120120010102201011012002112102111202211120201110021101010022222111
201000112011222212010010110111110101200220011020212011101102100221221201121110010211200221010120001012211211012101121111121110020200121110111200000001101110211201121111112101201110021011020010221221221002211110110111111111002101110110112001110121001101010120120111102111110111220020111212221211200201100201110012011011011011001100021011010020001001111121201012211012021111011101110211
221001111110122112122211021202201111111210111121102002002001101202111111111110120002022101110000101110002111001110112211102111110202221102122000112102210112022221011111010201111112111110210012211110201111121112010100212021100010221211121022110111101101021110120011200200001212110010100111012102101112111012112121001112222111011110111121102100111102001012201121001110210202112101111121
010011102220111222020111111122121021111221201120211100110102100111011211011011012211212210011111012202010110111110212111000200121101101022010020210111211012120011121211020001112212001100110012221111111121101221011100210222110201110221110010110112012100110121201001120021112202201110110111211002102110021012210020220012222102212110001221211112210110100212111101121110221102111012111110
011011011020101012010110121212001121111222110011210101201102111221212102221210210212111221020100111211101101110000112111101011201000220111120120011201212120211122012110111010101111112211101110120110220111002011001101120112110111221111210111110102121111111010100010111201011121120111221111221021211111011112011220012102202020202020011212112010122222220101111222121110021012121101110202
201112111111102121021201212220210001110010112101112112012201100220121201211121221201111100101111121101111101011111111200111001121110210020021210201122010010121221112210010021010202011101222011200010200111112121011111111012112110022210211000111111011002112210120011111200000211210111211101202100110211111102111221221022211121020111001021111002211011100101001011222120221210100210212110
110001010211220122112211110111221110111122102121100002112102100221212202201111112021201120021012010211011121201222121211111111020000101002121111122221112011100121102110021101010211001102111021220221111221212120110101121010200020210111011000102212212010200201212011101101021112010211110112120210102121122200210201102121212001021010121112211021222101100021021100121102121212201221102211
121101010111111021221000211021110121112000221111212101111211101211111011001010111020011112111021011201101021212111222100112011111111100121112110120122011010022112220201000101111101111112121102201020201211111022101012121121011100220211112000201211122021201101101201210211000111011012200112111211112201211101200111111211110121200111011021201010112002121111011112112121021101111111012212
112012001010110211111110111212101001110012120012211012210210001111020222202112110021112121121210120011101222101001112110100200211211211002100020211111101111101022012200011111021121100111101101110211210200112120111122011121211100021111112211221211001111002010111022101222121001100101010200221101210012120111122011202011101112111011100110121202122100001222112022200111011201110011112102
122110110111000011210202101201020101010021101110122121111001100101111002221002021202211211211011111122112212102212122100110101011111101111111021101121222011120120012010121101011011002110111010220112100211022000111122102011110211100211122111200111010011110001121212021221202210010021101111120121202111210122221120211001120122112121111110000001111111102011001002111112021112200000112221
110202110002011121222102210210202011010021210110212112102011012110111011120101211100020200110021110102100221201021011121200102011011110111021110221210210101000221111200121102101101102200111001110110211211112001211110200010122120121211001102011000101121212121011102210110010110120111001200100010101011010012011210021012111012211201200112111012111111010012212111111120011212102111121210
122011021112121201121212111120111220110220221220201211100001111212211010111011112212100100020010020101112202221112211001200211112211112211012211120110120210221220211211121210101210101211011121210010211111111021100100110110111110201111110110211001111012120102211201222101000010121021111102220110210111020101100110010112110022221112110120112201202110111201011110102011012221001122201011
201001022201012011111111210101011121101120101112202021111012000111211111001101111111200120111022111011002222211120200211111211011120211211111110121121121100121120221111001201000110000011220102010022011220111222010012021110001000111100110102201211012102101010012121112000021202101201200211111122202211001112101210111211011110211100221210102121210221200211111111101021101111102121000210
010101011222221220112210210101021011210111021010210201102102200101221210210001022211121111210211020202011122212102102011021211021002222111020221110001000101221120022101001112111100102201221010121122002221111220101012121122211201111010000211101011101012021211111021111111101001101010221110211110201200110101112210100111121202120100112101011100101002000012102002222120211201010210002011
111211011201221122202120200112200211101020100111202111211211100201022212120122221211111110110002212001111221102021011221021211121121121021110021210111210110121112102110111111200101021000211111100121222200202111111022110111000110211122111010121112012122010100012101101200102111100111011101121211210101220122201111101000001012101112112122010022210212012110102222222111012111111122102212
201211111220111011022010110110110112111102212001102101122211111111211201101001122111211011120012011011111211002102221011001111101212101101210222121121201101110210120010021111012012011211021012011202211211110020110011010021011202120010101100112122111202121122011002011101021000121001110121111211201100011111000112111001120212112021111011110200011202211110211121122021202221111202121112
202111020122122220212110112102110122011022112012210012101111002201111202221101110022121021111211011102101212112001112100011100011201221100111111022021121101120010012110112112111210221111120110221112200200212102221010112011001011212201022101210221100021101110101111120220012221000111120111110222211110112111102010112002121021102102111112210011212111111221201210111011011111100012111112
210201212000111101102201102200010202111020011120202102010012111112122202112102010022110112110000110001112111011101212120011221020110001122121022221121211111111120112112002001111100102011121001200101210201210010100022120120121120120212021111101022102212022120111112222110210112002021100202120122100221110101222111212012222102211211122012200020021111110112102122210001112010122012111210
221212202210111022201110111110100101002221211010000010101020010100221112210111121021210021120000110211012202121100122210011200001110202121112020101012021111100211021220122001020210010102120020011100212210210002110011011222000110201012011020200112102011111112101010110112120110121121101011211200100221020012102101000111110110201011110222101020221001011200111021122100211101110120100111
211011101111111122211221200202102001110122122122210111110001001112011212100001222022101021101102121200012212001201202021101101010102102111012011220001121101120210111121001201010121010200200110221221202010111011110111100211210211110101122011210010010221120122101102101000011201022010211212021210102122121001202200211202102111101101021020112101212111100002100011100110022211111121201221
111102110111121112021220011201201211001111212101110001212111001202221111101102121012110011111011110121211210100011200110100210200000021211100221110110100010021221011212012111100100121122110111220222201110212120101111111200100100110210111111200110222211021100011202101101201201221122012211211212202210002011201200001011121120210201211012001101110211200021111002102020102100101112120111
011120211110012020012200111110101112100200122001202001102101101111100211211100001211201121102112012200221110221112120211201211112102100012121022212121200110200111112112021111100121111000211011202012211200111011111012011121200022202020001112201021211012100212210001211100100111121012211112101011202212011222021211111121120101211012101011201000010112221000112121110101102111102020011212
101011210211001020112201220111102110001202122110100101100101111111211102221001110020212200012001120101212222211012111201222110001001211102211011121212100021211120121102010201001201111100200022120101120101111111000011211011000001201111021000010202112011211020120011120102000211220020201022221011212211110011111200100001210021110110001001110012121112110122222112022010111022012111201211