0.854166666667
0.846354166667
0.841145833333
0.8125
0.825520833333
0.869791666667
0.8359375
0.8515625
0.880208333333
0.8203125
0.861979166667
0.817708333333
0.8515625
0.856770833333
0.875
0.856770833333
0.856770833333
0.817708333333
0.885416666667
0.8671875
0.8515625
0.833333333333
0.841145833333
0.830729166667
0.838541666667
0.864583333333
0.833333333333
0.856770833333
0.861979166667
0.841145833333
0.861979166667
0.828125
0.830729166667
0.856770833333
0.877604166667
0.859375
0.856770833333
0.84375
0.830729166667
0.861979166667
0.861979166667
0.846354166667
0.8515625
0.84375
0.8671875
0.872395833333
0.859375
0.8984375
0.8359375
0.869791666667
0.841145833333
0.822916666667
0.830729166667
0.848958333333
0.880208333333
0.841145833333
0.84375
0.84375
0.825520833333
0.893229166667
0.84375
0.838541666667
0.8671875
0.822916666667
0.822916666667
0.848958333333
0.859375
0.877604166667
0.854166666667
0.822916666667
0.815104166667
0.84375
0.84375
0.841145833333
0.861979166667
0.830729166667
0.859375
0.8125
0.859375
0.825520833333
0.885416666667
0.856770833333
0.828125
0.838541666667
0.8671875
0.861979166667
0.8515625
0.856770833333
0.856770833333
0.859375
0.880208333333
0.869791666667
0.8203125
0.859375
0.856770833333
0.8515625
0.856770833333
0.8359375
0.861979166667
0.856770833333